1920	3.7626016260162602
1922	3.85
1923	3.0294117647058822
1925	3.121212121212121
1926	3.6311475409836067
1927	2.878787878787879
1931	3.7624398073836276
1932	3.3636926889714993
1933	3.523164335664336
1934	3.142857142857143
1935	3.7084957131722525
1936	2.9565217391304346
1939	3.1371681415929205
1940	2.5799086757990866
1941	3.4784615384615383
1942	2.9529411764705884
1943	3.1606022584692597
1944	2.956962025316456
1945	3.3273657289002556
1946	3.0476190476190474
1948	3.3659420289855073
1950	3.142857142857143
1951	3.656192236598891
1952	3.2857142857142856
1953	3.5672005571030643
1954	3.182697201017812
1955	3.2625
1956	3.609681787406906
1957	2.595959595959596
1958	3.1724064171122994
1959	2.7227456258411844
1960	3.801496792587313
1961	3.3072289156626504
1962	3.0
1963	3.569506726457399
1964	3.233458177278402
1965	3.476846057571965
1966	2.85
1967	3.6397379912663754
1968	3.5921242774566475
1969	2.619047619047619
1970	2.883495145631068
1971	3.1862068965517243
1972	2.529810298102981
1973	3.557126030624264
1974	3.734007370310876
1975	3.5323860212894154
1976	3.2460619787913108
1977	3.210960032962505
1978	3.0399507609668754
1979	3.7399005278116118
1980	3.4354694328892634
1981	3.178696658948065
1982	3.3320688870343678
1983	2.9062289939502577
1984	3.0515316130979326
1985	2.9590634206853776
1986	3.443832303144316
1987	3.3165810251911267
1988	2.8216911764705883
1989	2.654842285599113
1990	3.004258150365935
1991	3.965596094552929
1992	2.971156289707751
1993	3.2861770112930055
1994	3.0144067796610168
1995	3.4729236940468593
1996	3.097800865800866
1997	2.8960211794497948
1998	2.7350300830866203
1999	2.8939050072583776
2000	2.8826461097167444
2001	2.9246772545741617
2002	3.0288197621225983
2003	2.697077572646742
2004	3.175581299811026
2005	2.685867813003761
2006	2.593579766536965
2007	3.13975
2008	2.5776223776223777
