1915	3.0344827586206895
1916	3.5445544554455446
1917	3.5833333333333335
1918	3.597560975609756
1919	3.202185792349727
1920	3.734789391575663
1921	3.732608695652174
1922	3.824639841033284
1923	3.592696629213483
1924	3.7490196078431373
1925	3.749662162162162
1926	3.3747126436781607
1927	3.923127035830619
1928	3.5597527472527473
1929	3.6012658227848102
1930	3.8245105148658447
1931	3.9200754450076625
1932	3.5149833518312987
1933	3.714201946757359
1934	3.9853030303030303
1935	3.864311463590483
1936	3.8534065934065933
1937	3.616547388134573
1938	3.858068997453114
1939	3.8157247351330077
1940	3.775760632038998
1941	3.9330174132159916
1942	3.957500111841811
1943	3.5848056537102475
1944	3.911220249338874
1945	3.6669237889540267
1946	3.9696030770874513
1947	3.668185584092792
1948	3.8440217391304348
1949	3.8420506912442396
1950	3.810357327809425
1951	3.8755205541582485
1952	3.893007319732129
1953	3.656084910191144
1954	3.927054036263539
1955	3.6925245656950954
1956	3.643582123030337
1957	3.9148228065684085
1958	3.7444298820445607
1959	3.770167871298671
1960	3.7241567912488605
1961	3.6449774070212024
1962	3.8892292937634867
1963	3.652046283629731
1964	3.8195074242020093
1965	3.603072196620584
1966	3.7293722858270826
1967	3.773435017476962
1968	3.649442850221742
1969	3.6901014340678557
1970	3.6385397382181948
1971	3.671426396711828
1972	3.8674518347062428
1973	3.676554022906989
1974	3.80338262371633
1975	3.7925598907581963
1976	3.628184271089596
1977	3.7582707499512824
1978	3.3550170626066413
1979	3.6224870488413243
1980	3.5774524760451842
1981	3.5900859109717405
1982	3.5029365250254303
1983	3.5513708114095817
1984	3.4589894216117134
1985	3.378039367039753
1986	3.37101108843049
1987	3.4027084818246616
1988	3.3626605841329766
1989	3.372142789583202
1990	3.3012201172844087
1991	3.4805761656132637
1992	3.338188741482768
1993	3.4280939018394125
1994	3.4132059589138413
1995	3.384494691435394
1996	3.296979944648747
1997	3.269470095064958
1998	3.317518730175785
1999	3.3537969447967795
2000	3.267552173238198
2001	3.283636909881358
2002	3.2626135717403093
2003	3.23815908771661
2004	3.3078789263880526
2005	3.254088613438912
2006	3.3107004988072
2007	3.302106252155608
2008	3.2350463352990735
