1915	203
1916	101
1917	36
1918	82
1919	183
1920	641
1921	460
1922	2013
1923	356
1924	510
1925	2960
1926	435
1927	4605
1928	1456
1929	632
1930	2758
1931	8483
1932	3604
1933	8527
1934	6600
1935	6935
1936	4550
1937	14951
1938	8638
1939	30487
1940	29745
1941	26589
1942	22353
1943	3962
1944	13235
1945	6482
1946	18719
1947	7242
1948	11040
1949	8680
1950	19310
1951	24253
1952	12842
1953	20822
1954	33422
1955	24119
1956	17833
1957	27343
1958	25942
1959	34312
1960	32910
1961	28770
1962	37537
1963	35088
1964	44988
1965	26040
1966	20264
1967	44058
1968	53666
1969	28590
1970	30789
1971	65690
1972	44067
1973	56402
1974	52681
1975	75429
1976	50404
1977	66711
1978	60952
1979	93814
1980	116678
1981	107786
1982	134683
1983	104719
1984	181124
1985	155460
1986	194978
1987	190808
1988	190710
1989	253744
1990	255959
1991	218340
1992	263143
1993	534899
1994	746042
1995	874436
1996	659425
1997	477463
1998	446739
1999	543990
2000	425218
2001	339508
2002	302452
2003	234927
2004	227531
2005	142958
2006	115275
2007	84083
2008	29675
