1,334,0.8577185
1,1280,0.8577185
1,1096,0.8577185
1,1097,0.8577185
1,7,0.8577185
2,2990,0.8577185
2,4085,0.8577185
2,2046,0.8577185
2,5,0.8577185
2,6,0.8577185
5,2990,0.8577185
5,4085,0.8577185
5,2,0.8577185
5,2046,0.8577185
5,6,0.8577185
6,2990,0.8577185
6,4085,0.8577185
6,2,0.8577185
6,2046,0.8577185
6,5,0.8577185
7,334,0.8577185
7,1280,0.8577185
7,1096,0.8577185
7,1097,0.8577185
7,1,0.8577185
16,2990,0.8577185
16,4085,0.8577185
16,2,0.8577185
16,2046,0.8577185
16,5,0.8577185
19,2990,0.8577185
19,4085,0.8577185
19,2,0.8577185
19,2046,0.8577185
19,5,0.8577185
21,410,0.8577185
21,440,0.8577185
21,380,0.8577185
21,434,0.8577185
21,367,0.8577185
22,2990,0.8577185
22,4085,0.8577185
22,2,0.8577185
22,2046,0.8577185
22,5,0.8577185
25,334,0.8577185
25,7,0.8577185
25,1,0.8577185
25,1096,0.8577185
25,1097,0.8577185
28,334,0.8577185
28,7,0.8577185
28,1,0.8577185
28,1096,0.8577185
28,1097,0.8577185
30,334,0.8577185
30,7,0.8577185
30,1,0.8577185
30,1096,0.8577185
30,1097,0.8577185
31,2990,0.8577185
31,4085,0.8577185
31,2,0.8577185
31,2046,0.8577185
31,5,0.8577185
32,3994,0.85888326
32,593,0.85888326
32,608,0.85888326
32,1748,0.85888326
32,541,0.85888326
34,344,0.89997363
34,165,0.89997363
34,208,0.89997363
34,39,0.89997363
34,153,0.89997363
36,2990,0.8577185
36,4085,0.8577185
36,2,0.8577185
36,2046,0.8577185
36,5,0.8577185
39,344,0.89997363
39,165,0.89997363
39,208,0.89997363
39,34,0.89997363
39,153,0.89997363
47,778,0.89997363
47,527,0.89997363
47,345,0.89997363
47,509,0.89997363
47,141,0.89997363
50,1917,0.89997363
50,1732,0.89997363
50,4975,0.89997363
50,4886,0.89997363
50,1617,0.89997363
52,334,0.8577185
52,7,0.8577185
52,1,0.8577185
52,1096,0.8577185
52,1097,0.8577185
57,334,0.8577185
57,7,0.8577185
57,1,0.8577185
57,1096,0.8577185
57,1097,0.8577185
58,334,0.8577185
58,7,0.8577185
58,1,0.8577185
58,1096,0.8577185
58,1097,0.8577185
66,2990,0.8577185
66,4085,0.8577185
66,2,0.8577185
66,2046,0.8577185
66,5,0.8577185
70,2990,0.8577185
70,4085,0.8577185
70,2,0.8577185
70,2046,0.8577185
70,5,0.8577185
85,334,0.8577185
85,7,0.8577185
85,1,0.8577185
85,1096,0.8577185
85,1097,0.8577185
93,2990,0.8577185
93,4085,0.8577185
93,2,0.8577185
93,2046,0.8577185
93,5,0.8577185
101,3435,0.8577185
101,913,0.8577185
101,908,0.8577185
101,1248,0.8577185
101,1086,0.8577185
104,2990,0.8577185
104,4085,0.8577185
104,2,0.8577185
104,2046,0.8577185
104,5,0.8577185
110,590,0.85888326
110,151,0.8381426
110,719,0.6883995
110,4535,0.6883995
110,376,0.6883995
111,334,0.8577185
111,7,0.8577185
111,1,0.8577185
111,1096,0.8577185
111,1097,0.8577185
122,362,0.8577185
122,356,0.8577185
122,466,0.8577185
122,185,0.8577185
122,616,0.8577185
141,778,0.89997363
141,527,0.89997363
141,345,0.89997363
141,509,0.89997363
141,47,0.89997363
145,2990,0.8577185
145,4085,0.8577185
145,2,0.8577185
145,2046,0.8577185
145,5,0.8577185
150,410,0.8577185
150,440,0.8577185
150,380,0.8577185
150,434,0.8577185
150,367,0.8577185
151,110,0.8381426
151,590,0.77539116
151,719,0.7650229
151,1246,0.7650229
151,4535,0.7650229
153,344,0.89997363
153,165,0.89997363
153,208,0.89997363
153,34,0.89997363
153,39,0.89997363
158,2990,0.8577185
158,4085,0.8577185
158,2,0.8577185
158,2046,0.8577185
158,5,0.8577185
160,2990,0.8577185
160,4085,0.8577185
160,2,0.8577185
160,2046,0.8577185
160,5,0.8577185
161,410,0.8577185
161,440,0.8577185
161,380,0.8577185
161,434,0.8577185
161,367,0.8577185
163,2990,0.8577185
163,4085,0.8577185
163,2,0.8577185
163,2046,0.8577185
163,5,0.8577185
164,2990,0.8577185
164,4085,0.8577185
164,2,0.8577185
164,2046,0.8577185
164,5,0.8577185
165,344,0.89997363
165,153,0.89997363
165,208,0.89997363
165,34,0.89997363
165,39,0.89997363
170,2990,0.8577185
170,4085,0.8577185
170,2,0.8577185
170,2046,0.8577185
170,5,0.8577185
171,334,0.8577185
171,7,0.8577185
171,1,0.8577185
171,1096,0.8577185
171,1097,0.8577185
172,2990,0.8577185
172,4085,0.8577185
172,2,0.8577185
172,2046,0.8577185
172,5,0.8577185
173,2990,0.8577185
173,4085,0.8577185
173,2,0.8577185
173,2046,0.8577185
173,5,0.8577185
180,2990,0.8577185
180,4085,0.8577185
180,2,0.8577185
180,2046,0.8577185
180,5,0.8577185
185,362,0.8577185
185,356,0.8577185
185,466,0.8577185
185,122,0.8577185
185,616,0.8577185
194,334,0.8577185
194,7,0.8577185
194,1,0.8577185
194,1096,0.8577185
194,1097,0.8577185
196,2990,0.8577185
196,4085,0.8577185
196,2,0.8577185
196,2046,0.8577185
196,5,0.8577185
208,344,0.89997363
208,153,0.89997363
208,165,0.89997363
208,34,0.89997363
208,39,0.89997363
213,8783,0.8577185
213,6539,0.8577185
213,4995,0.8577185
213,6287,0.8577185
213,6377,0.8577185
215,2990,0.8577185
215,4085,0.8577185
215,2,0.8577185
215,2046,0.8577185
215,5,0.8577185
216,2990,0.8577185
216,4085,0.8577185
216,2,0.8577185
216,2046,0.8577185
216,5,0.8577185
223,2990,0.8577185
223,4085,0.8577185
223,2,0.8577185
223,2046,0.8577185
223,5,0.8577185
230,334,0.8577185
230,7,0.8577185
230,1,0.8577185
230,1096,0.8577185
230,1097,0.8577185
231,588,0.91368157
231,364,0.91368157
231,377,0.91368157
231,292,0.91368157
231,316,0.91368157
232,334,0.8577185
232,7,0.8577185
232,1,0.8577185
232,1096,0.8577185
232,1097,0.8577185
235,334,0.8577185
235,7,0.8577185
235,1,0.8577185
235,1096,0.8577185
235,1097,0.8577185
240,2990,0.8577185
240,4085,0.8577185
240,2,0.8577185
240,2046,0.8577185
240,5,0.8577185
242,334,0.8577185
242,7,0.8577185
242,1,0.8577185
242,1096,0.8577185
242,1097,0.8577185
249,334,0.8577185
249,7,0.8577185
249,1,0.8577185
249,1096,0.8577185
249,1097,0.8577185
253,592,0.91368157
253,1206,0.8381426
253,34,0.8381426
253,141,0.8381426
253,39,0.8381426
256,2990,0.8577185
256,4085,0.8577185
256,2,0.8577185
256,2046,0.8577185
256,5,0.8577185
260,1196,0.85888326
260,1210,0.85888326
260,1748,0.85888326
260,3994,0.85888326
260,1590,0.77539116
266,410,0.8577185
266,440,0.8577185
266,380,0.8577185
266,434,0.8577185
266,367,0.8577185
288,2990,0.8577185
288,4085,0.8577185
288,2,0.8577185
288,2046,0.8577185
288,5,0.8577185
290,2990,0.8577185
290,4085,0.8577185
290,2,0.8577185
290,2046,0.8577185
290,5,0.8577185
292,588,0.91368157
292,364,0.91368157
292,377,0.91368157
292,231,0.91368157
292,316,0.91368157
293,2990,0.8577185
293,4085,0.8577185
293,2,0.8577185
293,2046,0.8577185
293,5,0.8577185
299,334,0.8577185
299,7,0.8577185
299,1,0.8577185
299,1096,0.8577185
299,1097,0.8577185
303,2990,0.8577185
303,4085,0.8577185
303,2,0.8577185
303,2046,0.8577185
303,5,0.8577185
306,334,0.8577185
306,7,0.8577185
306,1,0.8577185
306,1096,0.8577185
306,1097,0.8577185
307,334,0.8577185
307,7,0.8577185
307,1,0.8577185
307,1096,0.8577185
307,1097,0.8577185
308,334,0.8577185
308,7,0.8577185
308,1,0.8577185
308,1096,0.8577185
308,1097,0.8577185
315,2990,0.8577185
315,4085,0.8577185
315,2,0.8577185
315,2046,0.8577185
315,5,0.8577185
316,588,0.91368157
316,364,0.91368157
316,377,0.91368157
316,231,0.91368157
316,292,0.91368157
317,410,0.8577185
317,440,0.8577185
317,380,0.8577185
317,434,0.8577185
317,367,0.8577185
321,334,0.8577185
321,7,0.8577185
321,1,0.8577185
321,1096,0.8577185
321,1097,0.8577185
324,2990,0.8577185
324,4085,0.8577185
324,2,0.8577185
324,2046,0.8577185
324,5,0.8577185
326,334,0.8577185
326,7,0.8577185
326,1,0.8577185
326,1096,0.8577185
326,1097,0.8577185
328,2990,0.8577185
328,4085,0.8577185
328,2,0.8577185
328,2046,0.8577185
328,5,0.8577185
329,420,0.8381426
329,316,0.8381426
329,231,0.8381426
329,480,0.8381426
329,586,0.8381426
330,2990,0.8577185
330,4085,0.8577185
330,2,0.8577185
330,2046,0.8577185
330,5,0.8577185
334,535,0.8577185
334,7,0.8577185
334,1,0.8577185
334,1096,0.8577185
334,1097,0.8577185
338,2990,0.8577185
338,4085,0.8577185
338,2,0.8577185
338,2046,0.8577185
338,5,0.8577185
344,208,0.89997363
344,153,0.89997363
344,165,0.89997363
344,34,0.89997363
344,39,0.89997363
345,778,0.89997363
345,509,0.89997363
345,527,0.89997363
345,141,0.89997363
345,47,0.89997363
348,334,0.8577185
348,7,0.8577185
348,1,0.8577185
348,1096,0.8577185
348,1097,0.8577185
349,1193,0.7650229
349,1277,0.7650229
349,380,0.7650229
349,1629,0.7650229
349,367,0.7650229
353,2990,0.8577185
353,4085,0.8577185
353,2,0.8577185
353,2046,0.8577185
353,5,0.8577185
355,362,0.8577185
355,122,0.8577185
355,356,0.8577185
355,616,0.8577185
355,185,0.8577185
356,362,0.8577185
356,122,0.8577185
356,466,0.8577185
356,616,0.8577185
356,185,0.8577185
357,2990,0.8577185
357,4085,0.8577185
357,2,0.8577185
357,2046,0.8577185
357,5,0.8577185
362,355,0.8577185
362,122,0.8577185
362,356,0.8577185
362,616,0.8577185
362,185,0.8577185
364,588,0.91368157
364,316,0.91368157
364,377,0.91368157
364,231,0.91368157
364,292,0.91368157
367,410,0.8577185
367,380,0.8577185
367,21,0.8577185
367,434,0.8577185
367,440,0.8577185
368,2990,0.8577185
368,4085,0.8577185
368,2,0.8577185
368,2046,0.8577185
368,5,0.8577185
370,520,0.89997363
370,588,0.8381426
370,231,0.8381426
370,364,0.8381426
370,292,0.8381426
372,2990,0.8577185
372,4085,0.8577185
372,2,0.8577185
372,2046,0.8577185
372,5,0.8577185
376,1049,0.8577185
376,802,0.8577185
376,733,0.8577185
376,1356,0.8577185
376,719,0.8577185
377,588,0.91368157
377,316,0.91368157
377,364,0.91368157
377,231,0.91368157
377,292,0.91368157
379,2990,0.8577185
379,4085,0.8577185
379,2,0.8577185
379,2046,0.8577185
379,5,0.8577185
380,410,0.8577185
380,440,0.8577185
380,21,0.8577185
380,434,0.8577185
380,367,0.8577185
384,2990,0.8577185
384,4085,0.8577185
384,2,0.8577185
384,2046,0.8577185
384,5,0.8577185
393,2990,0.8577185
393,4085,0.8577185
393,2,0.8577185
393,2046,0.8577185
393,5,0.8577185
407,2990,0.8577185
407,4085,0.8577185
407,2,0.8577185
407,2046,0.8577185
407,5,0.8577185
410,597,0.8577185
410,440,0.8577185
410,380,0.8577185
410,434,0.8577185
410,367,0.8577185
412,334,0.8577185
412,7,0.8577185
412,1,0.8577185
412,1096,0.8577185
412,1097,0.8577185
413,2990,0.8577185
413,4085,0.8577185
413,2,0.8577185
413,2046,0.8577185
413,5,0.8577185
420,588,0.91368157
420,316,0.91368157
420,364,0.91368157
420,231,0.91368157
420,292,0.91368157
432,208,0.89997363
432,153,0.89997363
432,165,0.89997363
432,34,0.89997363
432,39,0.89997363
434,410,0.8577185
434,380,0.8577185
434,21,0.8577185
434,367,0.8577185
434,440,0.8577185
435,208,0.89997363
435,153,0.89997363
435,165,0.89997363
435,34,0.89997363
435,39,0.89997363
440,410,0.8577185
440,380,0.8577185
440,21,0.8577185
440,434,0.8577185
440,367,0.8577185
442,2990,0.8577185
442,4085,0.8577185
442,2,0.8577185
442,2046,0.8577185
442,5,0.8577185
446,334,0.8577185
446,7,0.8577185
446,1,0.8577185
446,1096,0.8577185
446,1097,0.8577185
455,2990,0.8577185
455,4085,0.8577185
455,2,0.8577185
455,2046,0.8577185
455,5,0.8577185
457,4369,0.89997363
457,4270,0.89997363
457,1197,0.89997363
457,1198,0.89997363
457,4161,0.89997363
466,362,0.8577185
466,122,0.8577185
466,356,0.8577185
466,616,0.8577185
466,185,0.8577185
471,2990,0.8577185
471,4085,0.8577185
471,2,0.8577185
471,2046,0.8577185
471,5,0.8577185
475,334,0.8577185
475,7,0.8577185
475,1,0.8577185
475,1096,0.8577185
475,1097,0.8577185
477,334,0.8577185
477,7,0.8577185
477,1,0.8577185
477,1096,0.8577185
477,1097,0.8577185
479,2990,0.8577185
479,4085,0.8577185
479,2,0.8577185
479,2046,0.8577185
479,5,0.8577185
480,588,0.91368157
480,316,0.91368157
480,364,0.91368157
480,231,0.91368157
480,292,0.91368157
481,2990,0.8577185
481,4085,0.8577185
481,2,0.8577185
481,2046,0.8577185
481,5,0.8577185
489,2990,0.8577185
489,4085,0.8577185
489,2,0.8577185
489,2046,0.8577185
489,5,0.8577185
495,334,0.8577185
495,7,0.8577185
495,1,0.8577185
495,1096,0.8577185
495,1097,0.8577185
500,208,0.89997363
500,153,0.89997363
500,165,0.89997363
500,34,0.89997363
500,39,0.89997363
508,334,0.8577185
508,7,0.8577185
508,1,0.8577185
508,1096,0.8577185
508,1097,0.8577185
509,778,0.89997363
509,345,0.89997363
509,527,0.89997363
509,141,0.89997363
509,47,0.89997363
514,2990,0.8577185
514,4085,0.8577185
514,2,0.8577185
514,2046,0.8577185
514,5,0.8577185
515,334,0.8577185
515,7,0.8577185
515,1,0.8577185
515,1096,0.8577185
515,1097,0.8577185
520,370,0.89997363
520,588,0.8381426
520,231,0.8381426
520,364,0.8381426
520,292,0.8381426
522,2990,0.8577185
522,4085,0.8577185
522,2,0.8577185
522,2046,0.8577185
522,5,0.8577185
527,778,0.89997363
527,345,0.89997363
527,509,0.89997363
527,141,0.89997363
527,47,0.89997363
532,334,0.8577185
532,7,0.8577185
532,1,0.8577185
532,1096,0.8577185
532,1097,0.8577185
535,334,0.8577185
535,7,0.8577185
535,1,0.8577185
535,1096,0.8577185
535,1097,0.8577185
537,2990,0.8577185
537,4085,0.8577185
537,2,0.8577185
537,2046,0.8577185
537,5,0.8577185
538,334,0.8577185
538,7,0.8577185
538,1,0.8577185
538,1096,0.8577185
538,1097,0.8577185
539,362,0.7650229
539,122,0.7650229
539,185,0.7650229
539,733,0.7650229
539,616,0.7650229
540,2990,0.8577185
540,4085,0.8577185
540,2,0.8577185
540,2046,0.8577185
540,5,0.8577185
541,593,0.91368157
541,608,0.91368157
541,32,0.85888326
541,1590,0.8381426
541,50,0.8381426
543,2990,0.8577185
543,4085,0.8577185
543,2,0.8577185
543,2046,0.8577185
543,5,0.8577185
547,2990,0.8577185
547,4085,0.8577185
547,2,0.8577185
547,2046,0.8577185
547,5,0.8577185
548,2990,0.8577185
548,4085,0.8577185
548,2,0.8577185
548,2046,0.8577185
548,5,0.8577185
552,2990,0.8577185
552,4085,0.8577185
552,2,0.8577185
552,2046,0.8577185
552,5,0.8577185
562,334,0.8577185
562,7,0.8577185
562,1,0.8577185
562,1096,0.8577185
562,1097,0.8577185
586,588,0.91368157
586,316,0.91368157
586,364,0.91368157
586,231,0.91368157
586,292,0.91368157
587,208,0.89997363
587,153,0.89997363
587,165,0.89997363
587,34,0.89997363
587,39,0.89997363
588,589,0.91368157
588,316,0.91368157
588,364,0.91368157
588,231,0.91368157
588,292,0.91368157
589,588,0.91368157
589,316,0.91368157
589,364,0.91368157
589,231,0.91368157
589,292,0.91368157
590,110,0.85888326
590,1597,0.77539116
590,39,0.77539116
590,151,0.77539116
590,34,0.77539116
592,253,0.91368157
592,1206,0.8381426
592,34,0.8381426
592,141,0.8381426
592,39,0.8381426
593,541,0.91368157
593,608,0.91368157
593,32,0.85888326
593,1590,0.8381426
593,50,0.8381426
594,362,0.8577185
594,122,0.8577185
594,356,0.8577185
594,616,0.8577185
594,185,0.8577185
595,410,0.8577185
595,440,0.8577185
595,380,0.8577185
595,434,0.8577185
595,367,0.8577185
597,410,0.8577185
597,440,0.8577185
597,380,0.8577185
597,434,0.8577185
597,367,0.8577185
599,3435,0.8577185
599,913,0.8577185
599,908,0.8577185
599,1248,0.8577185
599,1086,0.8577185
606,2990,0.8577185
606,4085,0.8577185
606,2,0.8577185
606,2046,0.8577185
606,5,0.8577185
608,541,0.91368157
608,593,0.91368157
608,32,0.85888326
608,1590,0.8381426
608,50,0.8381426
610,2990,0.8577185
610,4085,0.8577185
610,2,0.8577185
610,2046,0.8577185
610,5,0.8577185
616,362,0.8577185
616,356,0.8577185
616,466,0.8577185
616,185,0.8577185
616,122,0.8577185
637,2990,0.8577185
637,4085,0.8577185
637,2,0.8577185
637,2046,0.8577185
637,5,0.8577185
648,780,0.91368157
648,1391,0.91368157
648,1073,0.91368157
648,736,0.91368157
648,778,0.8381426
678,2990,0.8577185
678,4085,0.8577185
678,2,0.8577185
678,2046,0.8577185
678,5,0.8577185
688,2990,0.8577185
688,4085,0.8577185
688,2,0.8577185
688,2046,0.8577185
688,5,0.8577185
694,2990,0.8577185
694,4085,0.8577185
694,2,0.8577185
694,2046,0.8577185
694,5,0.8577185
705,2990,0.8577185
705,4085,0.8577185
705,2,0.8577185
705,2046,0.8577185
705,5,0.8577185
708,334,0.8577185
708,7,0.8577185
708,1,0.8577185
708,1096,0.8577185
708,1097,0.8577185
719,1049,0.8577185
719,802,0.8577185
719,733,0.8577185
719,376,0.8577185
719,1356,0.8577185
733,1049,0.8577185
733,719,0.8577185
733,802,0.8577185
733,376,0.8577185
733,1356,0.8577185
736,780,0.91368157
736,1391,0.91368157
736,1073,0.91368157
736,648,0.91368157
736,778,0.8381426
737,2990,0.8577185
737,4085,0.8577185
737,2,0.8577185
737,2046,0.8577185
737,5,0.8577185
741,2990,0.8577185
741,4085,0.8577185
741,2,0.8577185
741,2046,0.8577185
741,5,0.8577185
778,527,0.89997363
778,345,0.89997363
778,509,0.89997363
778,141,0.89997363
778,47,0.89997363
780,736,0.91368157
780,1391,0.91368157
780,1073,0.91368157
780,648,0.91368157
780,778,0.8381426
784,2990,0.8577185
784,4085,0.8577185
784,2,0.8577185
784,2046,0.8577185
784,5,0.8577185
785,2990,0.8577185
785,4085,0.8577185
785,2,0.8577185
785,2046,0.8577185
785,5,0.8577185
786,1544,0.89997363
786,648,0.8381426
786,1073,0.8381426
786,1391,0.8381426
786,1210,0.8381426
799,2990,0.8577185
799,4085,0.8577185
799,2,0.8577185
799,2046,0.8577185
799,5,0.8577185
800,3435,0.8577185
800,913,0.8577185
800,908,0.8577185
800,1248,0.8577185
800,1086,0.8577185
802,1049,0.8577185
802,719,0.8577185
802,733,0.8577185
802,376,0.8577185
802,1356,0.8577185
818,334,0.8577185
818,7,0.8577185
818,1,0.8577185
818,1096,0.8577185
818,1097,0.8577185
836,2990,0.8577185
836,4085,0.8577185
836,2,0.8577185
836,2046,0.8577185
836,5,0.8577185
842,2990,0.8577185
842,4085,0.8577185
842,2,0.8577185
842,2046,0.8577185
842,5,0.8577185
849,2990,0.8577185
849,4085,0.8577185
849,2,0.8577185
849,2046,0.8577185
849,5,0.8577185
858,232,0.6883995
858,538,0.6883995
858,299,0.6883995
858,7,0.6883995
858,1,0.6883995
879,2990,0.8577185
879,4085,0.8577185
879,2,0.8577185
879,2046,0.8577185
879,5,0.8577185
886,2990,0.8577185
886,4085,0.8577185
886,2,0.8577185
886,2046,0.8577185
886,5,0.8577185
899,3435,0.8577185
899,913,0.8577185
899,908,0.8577185
899,1248,0.8577185
899,1086,0.8577185
903,1219,0.89997363
903,923,0.89997363
903,1207,0.89997363
903,912,0.89997363
903,920,0.89997363
904,3435,0.8577185
904,913,0.8577185
904,908,0.8577185
904,1248,0.8577185
904,1086,0.8577185
908,3435,0.8577185
908,1248,0.8577185
908,5440,0.8577185
908,1086,0.8577185
908,913,0.8577185
912,1219,0.89997363
912,923,0.89997363
912,1207,0.89997363
912,903,0.89997363
912,920,0.89997363
913,3435,0.8577185
913,908,0.8577185
913,5440,0.8577185
913,1248,0.8577185
913,1086,0.8577185
919,334,0.8577185
919,7,0.8577185
919,1,0.8577185
919,1096,0.8577185
919,1097,0.8577185
920,1219,0.89997363
920,923,0.89997363
920,1207,0.89997363
920,903,0.89997363
920,912,0.89997363
923,1219,0.89997363
923,920,0.89997363
923,1207,0.89997363
923,903,0.89997363
923,912,0.89997363
926,334,0.8577185
926,7,0.8577185
926,1,0.8577185
926,1096,0.8577185
926,1097,0.8577185
930,3435,0.8577185
930,913,0.8577185
930,908,0.8577185
930,1248,0.8577185
930,1086,0.8577185
934,2990,0.8577185
934,4085,0.8577185
934,2,0.8577185
934,2046,0.8577185
934,5,0.8577185
942,3435,0.8577185
942,913,0.8577185
942,908,0.8577185
942,1248,0.8577185
942,1086,0.8577185
951,3435,0.8577185
951,913,0.8577185
951,908,0.8577185
951,1248,0.8577185
951,1086,0.8577185
954,3435,0.8577185
954,913,0.8577185
954,908,0.8577185
954,1248,0.8577185
954,1086,0.8577185
969,334,0.8577185
969,7,0.8577185
969,1,0.8577185
969,1096,0.8577185
969,1097,0.8577185
996,2990,0.8577185
996,4085,0.8577185
996,2,0.8577185
996,2046,0.8577185
996,5,0.8577185
1004,2990,0.8577185
1004,4085,0.8577185
1004,2,0.8577185
1004,2046,0.8577185
1004,5,0.8577185
1020,2990,0.8577185
1020,4085,0.8577185
1020,2,0.8577185
1020,2046,0.8577185
1020,5,0.8577185
1027,2990,0.8577185
1027,4085,0.8577185
1027,2,0.8577185
1027,2046,0.8577185
1027,5,0.8577185
1035,2990,0.8577185
1035,4085,0.8577185
1035,2,0.8577185
1035,2046,0.8577185
1035,5,0.8577185
1036,2990,0.8577185
1036,4085,0.8577185
1036,2,0.8577185
1036,2046,0.8577185
1036,5,0.8577185
1037,2990,0.8577185
1037,4085,0.8577185
1037,2,0.8577185
1037,2046,0.8577185
1037,5,0.8577185
1041,334,0.8577185
1041,7,0.8577185
1041,1,0.8577185
1041,1096,0.8577185
1041,1097,0.8577185
1046,334,0.8577185
1046,7,0.8577185
1046,1,0.8577185
1046,1096,0.8577185
1046,1097,0.8577185
1049,733,0.8577185
1049,719,0.8577185
1049,802,0.8577185
1049,376,0.8577185
1049,1356,0.8577185
1060,2990,0.8577185
1060,4085,0.8577185
1060,2,0.8577185
1060,2046,0.8577185
1060,5,0.8577185
1061,2990,0.8577185
1061,4085,0.8577185
1061,2,0.8577185
1061,2046,0.8577185
1061,5,0.8577185
1064,2990,0.8577185
1064,4085,0.8577185
1064,2,0.8577185
1064,2046,0.8577185
1064,5,0.8577185
1073,780,0.91368157
1073,1391,0.91368157
1073,648,0.91368157
1073,736,0.91368157
1073,778,0.8381426
1079,2990,0.8577185
1079,4085,0.8577185
1079,2,0.8577185
1079,2046,0.8577185
1079,5,0.8577185
1080,527,0.89997363
1080,345,0.89997363
1080,509,0.89997363
1080,141,0.89997363
1080,47,0.89997363
1083,2990,0.8577185
1083,4085,0.8577185
1083,2,0.8577185
1083,2046,0.8577185
1083,5,0.8577185
1086,3435,0.8577185
1086,1248,0.8577185
1086,5440,0.8577185
1086,908,0.8577185
1086,913,0.8577185
1089,2990,0.8577185
1089,4085,0.8577185
1089,2,0.8577185
1089,2046,0.8577185
1089,5,0.8577185
1091,2990,0.8577185
1091,4085,0.8577185
1091,2,0.8577185
1091,2046,0.8577185
1091,5,0.8577185
1092,2990,0.8577185
1092,4085,0.8577185
1092,2,0.8577185
1092,2046,0.8577185
1092,5,0.8577185
1093,2990,0.8577185
1093,4085,0.8577185
1093,2,0.8577185
1093,2046,0.8577185
1093,5,0.8577185
1094,527,0.89997363
1094,345,0.89997363
1094,509,0.89997363
1094,141,0.89997363
1094,47,0.89997363
1096,334,0.8577185
1096,1280,0.8577185
1096,1,0.8577185
1096,1097,0.8577185
1096,7,0.8577185
1097,334,0.8577185
1097,1280,0.8577185
1097,1,0.8577185
1097,1096,0.8577185
1097,7,0.8577185
1100,2990,0.8577185
1100,4085,0.8577185
1100,2,0.8577185
1100,2046,0.8577185
1100,5,0.8577185
1101,2990,0.8577185
1101,4085,0.8577185
1101,2,0.8577185
1101,2046,0.8577185
1101,5,0.8577185
1103,334,0.8577185
1103,7,0.8577185
1103,1,0.8577185
1103,1096,0.8577185
1103,1097,0.8577185
1104,334,0.8577185
1104,7,0.8577185
1104,1,0.8577185
1104,1096,0.8577185
1104,1097,0.8577185
1125,2990,0.8577185
1125,4085,0.8577185
1125,2,0.8577185
1125,2046,0.8577185
1125,5,0.8577185
1126,2990,0.8577185
1126,4085,0.8577185
1126,2,0.8577185
1126,2046,0.8577185
1126,5,0.8577185
1127,2990,0.8577185
1127,4085,0.8577185
1127,2,0.8577185
1127,2046,0.8577185
1127,5,0.8577185
1129,2990,0.8577185
1129,4085,0.8577185
1129,2,0.8577185
1129,2046,0.8577185
1129,5,0.8577185
1136,2990,0.8577185
1136,4085,0.8577185
1136,2,0.8577185
1136,2046,0.8577185
1136,5,0.8577185
1148,1597,0.8381426
1148,4886,0.8381426
1148,1732,0.8381426
1148,50,0.8381426
1148,1617,0.8381426
1172,334,0.8577185
1172,7,0.8577185
1172,1,0.8577185
1172,1096,0.8577185
1172,1097,0.8577185
1183,334,0.8577185
1183,7,0.8577185
1183,1,0.8577185
1183,1096,0.8577185
1183,1097,0.8577185
1188,2990,0.8577185
1188,4085,0.8577185
1188,2,0.8577185
1188,2046,0.8577185
1188,5,0.8577185
1193,1629,0.8577185
1193,4053,0.8577185
1193,2396,0.8577185
1193,3753,0.8577185
1193,1277,0.8577185
1196,3994,0.91368157
1196,1748,0.91368157
1196,260,0.85888326
1196,32,0.85888326
1196,1590,0.8381426
1197,4446,0.89997363
1197,4369,0.89997363
1197,1198,0.89997363
1197,4270,0.89997363
1197,4161,0.89997363
1198,4446,0.89997363
1198,4369,0.89997363
1198,1197,0.89997363
1198,4270,0.89997363
1198,4161,0.89997363
1199,334,0.8577185
1199,7,0.8577185
1199,1,0.8577185
1199,1096,0.8577185
1199,1097,0.8577185
1200,2990,0.8577185
1200,4085,0.8577185
1200,2,0.8577185
1200,2046,0.8577185
1200,5,0.8577185
1204,2990,0.8577185
1204,4085,0.8577185
1204,2,0.8577185
1204,2046,0.8577185
1204,5,0.8577185
1206,527,0.89997363
1206,345,0.89997363
1206,509,0.89997363
1206,141,0.89997363
1206,47,0.89997363
1207,1219,0.89997363
1207,920,0.89997363
1207,923,0.89997363
1207,903,0.89997363
1207,912,0.89997363
1208,2990,0.8577185
1208,4085,0.8577185
1208,2,0.8577185
1208,2046,0.8577185
1208,5,0.8577185
1210,260,0.85888326
1210,1590,0.8381426
1210,1617,0.8381426
1210,1732,0.8381426
1210,50,0.8381426
1212,3435,0.8577185
1212,913,0.8577185
1212,908,0.8577185
1212,1248,0.8577185
1212,1086,0.8577185
1214,2990,0.8577185
1214,4085,0.8577185
1214,2,0.8577185
1214,2046,0.8577185
1214,5,0.8577185
1215,2990,0.8577185
1215,4085,0.8577185
1215,2,0.8577185
1215,2046,0.8577185
1215,5,0.8577185
1219,1207,0.89997363
1219,920,0.89997363
1219,923,0.89997363
1219,903,0.89997363
1219,912,0.89997363
1220,2990,0.8577185
1220,4085,0.8577185
1220,2,0.8577185
1220,2046,0.8577185
1220,5,0.8577185
1221,334,0.8577185
1221,7,0.8577185
1221,1,0.8577185
1221,1096,0.8577185
1221,1097,0.8577185
1225,334,0.8577185
1225,7,0.8577185
1225,1,0.8577185
1225,1096,0.8577185
1225,1097,0.8577185
1230,334,0.8577185
1230,7,0.8577185
1230,1,0.8577185
1230,1096,0.8577185
1230,1097,0.8577185
1231,2990,0.8577185
1231,4085,0.8577185
1231,2,0.8577185
1231,2046,0.8577185
1231,5,0.8577185
1234,4975,0.89997363
1234,1732,0.89997363
1234,4886,0.89997363
1234,50,0.89997363
1234,1617,0.89997363
1235,334,0.8577185
1235,7,0.8577185
1235,1,0.8577185
1235,1096,0.8577185
1235,1097,0.8577185
1240,4975,0.89997363
1240,1732,0.89997363
1240,4886,0.89997363
1240,50,0.89997363
1240,1617,0.89997363
1244,1207,0.89997363
1244,920,0.89997363
1244,923,0.89997363
1244,903,0.89997363
1244,912,0.89997363
1245,3435,0.8577185
1245,913,0.8577185
1245,908,0.8577185
1245,1248,0.8577185
1245,1086,0.8577185
1246,8783,0.8577185
1246,6539,0.8577185
1246,4995,0.8577185
1246,6287,0.8577185
1246,6377,0.8577185
1247,334,0.8577185
1247,7,0.8577185
1247,1,0.8577185
1247,1096,0.8577185
1247,1097,0.8577185
1248,3435,0.8577185
1248,908,0.8577185
1248,5440,0.8577185
1248,1086,0.8577185
1248,913,0.8577185
1252,1288,0.89997363
1252,1276,0.89997363
1252,5505,0.89997363
1252,1148,0.8381426
1252,951,0.7650229
1253,2990,0.8577185
1253,4085,0.8577185
1253,2,0.8577185
1253,2046,0.8577185
1253,5,0.8577185
1254,3435,0.8577185
1254,913,0.8577185
1254,908,0.8577185
1254,1248,0.8577185
1254,1086,0.8577185
1256,3435,0.8577185
1256,913,0.8577185
1256,908,0.8577185
1256,1248,0.8577185
1256,1086,0.8577185
1258,334,0.8577185
1258,7,0.8577185
1258,1,0.8577185
1258,1096,0.8577185
1258,1097,0.8577185
1260,3435,0.8577185
1260,913,0.8577185
1260,908,0.8577185
1260,1248,0.8577185
1260,1086,0.8577185
1261,2990,0.8577185
1261,4085,0.8577185
1261,2,0.8577185
1261,2046,0.8577185
1261,5,0.8577185
1262,2990,0.8577185
1262,4085,0.8577185
1262,2,0.8577185
1262,2046,0.8577185
1262,5,0.8577185
1264,1629,0.8577185
1264,4053,0.8577185
1264,2396,0.8577185
1264,3753,0.8577185
1264,1277,0.8577185
1265,2990,0.8577185
1265,4085,0.8577185
1265,2,0.8577185
1265,2046,0.8577185
1265,5,0.8577185
1266,3435,0.8577185
1266,913,0.8577185
1266,908,0.8577185
1266,1248,0.8577185
1266,1086,0.8577185
1268,2990,0.8577185
1268,4085,0.8577185
1268,2,0.8577185
1268,2046,0.8577185
1268,5,0.8577185
1270,4975,0.89997363
1270,1732,0.89997363
1270,4886,0.89997363
1270,50,0.89997363
1270,1617,0.89997363
1275,2990,0.8577185
1275,4085,0.8577185
1275,2,0.8577185
1275,2046,0.8577185
1275,5,0.8577185
1276,1288,0.89997363
1276,5505,0.89997363
1276,1252,0.89997363
1276,1148,0.8381426
1276,951,0.7650229
1277,1629,0.8577185
1277,2396,0.8577185
1277,3755,0.8577185
1277,3753,0.8577185
1277,4053,0.8577185
1280,334,0.8577185
1280,7,0.8577185
1280,1,0.8577185
1280,1096,0.8577185
1280,1097,0.8577185
1283,3435,0.8577185
1283,913,0.8577185
1283,908,0.8577185
1283,1248,0.8577185
1283,1086,0.8577185
1284,3435,0.8577185
1284,913,0.8577185
1284,908,0.8577185
1284,1248,0.8577185
1284,1086,0.8577185
1285,2990,0.8577185
1285,4085,0.8577185
1285,2,0.8577185
1285,2046,0.8577185
1285,5,0.8577185
1288,1276,0.89997363
1288,5505,0.89997363
1288,1252,0.89997363
1288,1148,0.8381426
1288,951,0.7650229
1291,2990,0.8577185
1291,4085,0.8577185
1291,2,0.8577185
1291,2046,0.8577185
1291,5,0.8577185
1295,334,0.8577185
1295,7,0.8577185
1295,1,0.8577185
1295,1096,0.8577185
1295,1097,0.8577185
1300,334,0.8577185
1300,7,0.8577185
1300,1,0.8577185
1300,1096,0.8577185
1300,1097,0.8577185
1302,2990,0.8577185
1302,4085,0.8577185
1302,2,0.8577185
1302,2046,0.8577185
1302,5,0.8577185
1304,1196,0.8381426
1304,3994,0.8381426
1304,1748,0.8381426
1304,260,0.77539116
1304,32,0.77539116
1307,2990,0.8577185
1307,4085,0.8577185
1307,2,0.8577185
1307,2046,0.8577185
1307,5,0.8577185
1320,2990,0.8577185
1320,4085,0.8577185
1320,2,0.8577185
1320,2046,0.8577185
1320,5,0.8577185
1321,2990,0.8577185
1321,4085,0.8577185
1321,2,0.8577185
1321,2046,0.8577185
1321,5,0.8577185
1333,3435,0.8577185
1333,913,0.8577185
1333,908,0.8577185
1333,1248,0.8577185
1333,1086,0.8577185
1339,2990,0.8577185
1339,4085,0.8577185
1339,2,0.8577185
1339,2046,0.8577185
1339,5,0.8577185
1344,3435,0.8577185
1344,913,0.8577185
1344,908,0.8577185
1344,1248,0.8577185
1344,1086,0.8577185
1347,2990,0.8577185
1347,4085,0.8577185
1347,2,0.8577185
1347,2046,0.8577185
1347,5,0.8577185
1348,3435,0.8577185
1348,913,0.8577185
1348,908,0.8577185
1348,1248,0.8577185
1348,1086,0.8577185
1356,1049,0.8577185
1356,376,0.8577185
1356,733,0.8577185
1356,802,0.8577185
1356,719,0.8577185
1358,2990,0.8577185
1358,4085,0.8577185
1358,2,0.8577185
1358,2046,0.8577185
1358,5,0.8577185
1370,2990,0.8577185
1370,4085,0.8577185
1370,2,0.8577185
1370,2046,0.8577185
1370,5,0.8577185
1373,2990,0.8577185
1373,4085,0.8577185
1373,2,0.8577185
1373,2046,0.8577185
1373,5,0.8577185
1377,2990,0.8577185
1377,4085,0.8577185
1377,2,0.8577185
1377,2046,0.8577185
1377,5,0.8577185
1380,2990,0.8577185
1380,4085,0.8577185
1380,2,0.8577185
1380,2046,0.8577185
1380,5,0.8577185
1385,2990,0.8577185
1385,4085,0.8577185
1385,2,0.8577185
1385,2046,0.8577185
1385,5,0.8577185
1387,4975,0.89997363
1387,1732,0.89997363
1387,4886,0.89997363
1387,50,0.89997363
1387,1617,0.89997363
1388,2990,0.8577185
1388,4085,0.8577185
1388,2,0.8577185
1388,2046,0.8577185
1388,5,0.8577185
1391,736,0.91368157
1391,780,0.91368157
1391,1073,0.91368157
1391,648,0.91368157
1391,778,0.8381426
1393,2990,0.8577185
1393,4085,0.8577185
1393,2,0.8577185
1393,2046,0.8577185
1393,5,0.8577185
1395,2990,0.8577185
1395,4085,0.8577185
1395,2,0.8577185
1395,2046,0.8577185
1395,5,0.8577185
1396,4369,0.89997363
1396,4270,0.89997363
1396,1197,0.89997363
1396,1198,0.89997363
1396,4161,0.89997363
1405,2990,0.8577185
1405,4085,0.8577185
1405,2,0.8577185
1405,2046,0.8577185
1405,5,0.8577185
1408,4677,0.89997363
1408,1597,0.89997363
1408,1552,0.89997363
1408,1148,0.8381426
1408,590,0.77539116
1409,2990,0.8577185
1409,4085,0.8577185
1409,2,0.8577185
1409,2046,0.8577185
1409,5,0.8577185
1425,2990,0.8577185
1425,4085,0.8577185
1425,2,0.8577185
1425,2046,0.8577185
1425,5,0.8577185
1429,2990,0.8577185
1429,4085,0.8577185
1429,2,0.8577185
1429,2046,0.8577185
1429,5,0.8577185
1466,2990,0.8577185
1466,4085,0.8577185
1466,2,0.8577185
1466,2046,0.8577185
1466,5,0.8577185
1483,1629,0.8577185
1483,4053,0.8577185
1483,2396,0.8577185
1483,3753,0.8577185
1483,1277,0.8577185
1499,2990,0.8577185
1499,4085,0.8577185
1499,2,0.8577185
1499,2046,0.8577185
1499,5,0.8577185
1500,2990,0.8577185
1500,4085,0.8577185
1500,2,0.8577185
1500,2046,0.8577185
1500,5,0.8577185
1513,2990,0.8577185
1513,4085,0.8577185
1513,2,0.8577185
1513,2046,0.8577185
1513,5,0.8577185
1515,2990,0.8577185
1515,4085,0.8577185
1515,2,0.8577185
1515,2046,0.8577185
1515,5,0.8577185
1517,4975,0.89997363
1517,1732,0.89997363
1517,4886,0.89997363
1517,50,0.89997363
1517,1617,0.89997363
1527,4369,0.89997363
1527,4270,0.89997363
1527,1197,0.89997363
1527,1198,0.89997363
1527,4161,0.89997363
1544,786,0.89997363
1544,648,0.8381426
1544,1073,0.8381426
1544,1391,0.8381426
1544,1210,0.8381426
1552,4677,0.89997363
1552,1597,0.89997363
1552,1408,0.89997363
1552,1148,0.8381426
1552,590,0.77539116
1556,2990,0.8577185
1556,4085,0.8577185
1556,2,0.8577185
1556,2046,0.8577185
1556,5,0.8577185
1562,2990,0.8577185
1562,4085,0.8577185
1562,2,0.8577185
1562,2046,0.8577185
1562,5,0.8577185
1564,8783,0.8577185
1564,6539,0.8577185
1564,4995,0.8577185
1564,6287,0.8577185
1564,6377,0.8577185
1573,4369,0.89997363
1573,4270,0.89997363
1573,1197,0.89997363
1573,1198,0.89997363
1573,4161,0.89997363
1580,4369,0.89997363
1580,4270,0.89997363
1580,1197,0.89997363
1580,1198,0.89997363
1580,4161,0.89997363
1584,4369,0.89997363
1584,4270,0.89997363
1584,1197,0.89997363
1584,1198,0.89997363
1584,4161,0.89997363
1587,2990,0.8577185
1587,4085,0.8577185
1587,2,0.8577185
1587,2046,0.8577185
1587,5,0.8577185
1588,2990,0.8577185
1588,4085,0.8577185
1588,2,0.8577185
1588,2046,0.8577185
1588,5,0.8577185
1590,4975,0.89997363
1590,1732,0.89997363
1590,4886,0.89997363
1590,50,0.89997363
1590,1617,0.89997363
1591,2990,0.8577185
1591,4085,0.8577185
1591,2,0.8577185
1591,2046,0.8577185
1591,5,0.8577185
1597,4677,0.89997363
1597,1552,0.89997363
1597,1408,0.89997363
1597,1148,0.8381426
1597,590,0.77539116
1598,2990,0.8577185
1598,4085,0.8577185
1598,2,0.8577185
1598,2046,0.8577185
1598,5,0.8577185
1603,2990,0.8577185
1603,4085,0.8577185
1603,2,0.8577185
1603,2046,0.8577185
1603,5,0.8577185
1608,2990,0.8577185
1608,4085,0.8577185
1608,2,0.8577185
1608,2046,0.8577185
1608,5,0.8577185
1611,2990,0.8577185
1611,4085,0.8577185
1611,2,0.8577185
1611,2046,0.8577185
1611,5,0.8577185
1616,2990,0.8577185
1616,4085,0.8577185
1616,2,0.8577185
1616,2046,0.8577185
1616,5,0.8577185
1617,1917,0.89997363
1617,1732,0.89997363
1617,4975,0.89997363
1617,4886,0.89997363
1617,50,0.89997363
1620,2990,0.8577185
1620,4085,0.8577185
1620,2,0.8577185
1620,2046,0.8577185
1620,5,0.8577185
1625,2990,0.8577185
1625,4085,0.8577185
1625,2,0.8577185
1625,2046,0.8577185
1625,5,0.8577185
1627,2990,0.8577185
1627,4085,0.8577185
1627,2,0.8577185
1627,2046,0.8577185
1627,5,0.8577185
1629,1264,0.8577185
1629,4053,0.8577185
1629,2396,0.8577185
1629,3753,0.8577185
1629,1277,0.8577185
1639,2990,0.8577185
1639,4085,0.8577185
1639,2,0.8577185
1639,2046,0.8577185
1639,5,0.8577185
1641,2990,0.8577185
1641,4085,0.8577185
1641,2,0.8577185
1641,2046,0.8577185
1641,5,0.8577185
1644,2990,0.8577185
1644,4085,0.8577185
1644,2,0.8577185
1644,2046,0.8577185
1644,5,0.8577185
1653,4369,0.89997363
1653,4270,0.89997363
1653,1197,0.89997363
1653,1198,0.89997363
1653,4161,0.89997363
1658,2990,0.8577185
1658,4085,0.8577185
1658,2,0.8577185
1658,2046,0.8577185
1658,5,0.8577185
1663,2990,0.8577185
1663,4085,0.8577185
1663,2,0.8577185
1663,2046,0.8577185
1663,5,0.8577185
1665,2990,0.8577185
1665,4085,0.8577185
1665,2,0.8577185
1665,2046,0.8577185
1665,5,0.8577185
1673,2990,0.8577185
1673,4085,0.8577185
1673,2,0.8577185
1673,2046,0.8577185
1673,5,0.8577185
1674,8783,0.8577185
1674,6539,0.8577185
1674,4995,0.8577185
1674,6287,0.8577185
1674,6377,0.8577185
1676,2990,0.8577185
1676,4085,0.8577185
1676,2,0.8577185
1676,2046,0.8577185
1676,5,0.8577185
1682,2990,0.8577185
1682,4085,0.8577185
1682,2,0.8577185
1682,2046,0.8577185
1682,5,0.8577185
1687,2990,0.8577185
1687,4085,0.8577185
1687,2,0.8577185
1687,2046,0.8577185
1687,5,0.8577185
1690,2990,0.8577185
1690,4085,0.8577185
1690,2,0.8577185
1690,2046,0.8577185
1690,5,0.8577185
1702,2990,0.8577185
1702,4085,0.8577185
1702,2,0.8577185
1702,2046,0.8577185
1702,5,0.8577185
1703,2990,0.8577185
1703,4085,0.8577185
1703,2,0.8577185
1703,2046,0.8577185
1703,5,0.8577185
1704,2990,0.8577185
1704,4085,0.8577185
1704,2,0.8577185
1704,2046,0.8577185
1704,5,0.8577185
1717,2990,0.8577185
1717,4085,0.8577185
1717,2,0.8577185
1717,2046,0.8577185
1717,5,0.8577185
1721,2990,0.8577185
1721,4085,0.8577185
1721,2,0.8577185
1721,2046,0.8577185
1721,5,0.8577185
1722,2990,0.8577185
1722,4085,0.8577185
1722,2,0.8577185
1722,2046,0.8577185
1722,5,0.8577185
1732,1917,0.89997363
1732,4886,0.89997363
1732,4975,0.89997363
1732,50,0.89997363
1732,1617,0.89997363
1748,1196,0.91368157
1748,3994,0.91368157
1748,32,0.85888326
1748,260,0.85888326
1748,1590,0.8381426
1754,2990,0.8577185
1754,4085,0.8577185
1754,2,0.8577185
1754,2046,0.8577185
1754,5,0.8577185
1762,2990,0.8577185
1762,4085,0.8577185
1762,2,0.8577185
1762,2046,0.8577185
1762,5,0.8577185
1772,2990,0.8577185
1772,4085,0.8577185
1772,2,0.8577185
1772,2046,0.8577185
1772,5,0.8577185
1777,2990,0.8577185
1777,4085,0.8577185
1777,2,0.8577185
1777,2046,0.8577185
1777,5,0.8577185
1779,2990,0.8577185
1779,4085,0.8577185
1779,2,0.8577185
1779,2046,0.8577185
1779,5,0.8577185
1792,2990,0.8577185
1792,4085,0.8577185
1792,2,0.8577185
1792,2046,0.8577185
1792,5,0.8577185
1801,2990,0.8577185
1801,4085,0.8577185
1801,2,0.8577185
1801,2046,0.8577185
1801,5,0.8577185
1805,4975,0.89997363
1805,1732,0.89997363
1805,4886,0.89997363
1805,50,0.89997363
1805,1617,0.89997363
1831,2990,0.8577185
1831,4085,0.8577185
1831,2,0.8577185
1831,2046,0.8577185
1831,5,0.8577185
1848,2990,0.8577185
1848,4085,0.8577185
1848,2,0.8577185
1848,2046,0.8577185
1848,5,0.8577185
1855,2990,0.8577185
1855,4085,0.8577185
1855,2,0.8577185
1855,2046,0.8577185
1855,5,0.8577185
1862,2990,0.8577185
1862,4085,0.8577185
1862,2,0.8577185
1862,2046,0.8577185
1862,5,0.8577185
1876,2990,0.8577185
1876,4085,0.8577185
1876,2,0.8577185
1876,2046,0.8577185
1876,5,0.8577185
1882,2990,0.8577185
1882,4085,0.8577185
1882,2,0.8577185
1882,2046,0.8577185
1882,5,0.8577185
1883,2990,0.8577185
1883,4085,0.8577185
1883,2,0.8577185
1883,2046,0.8577185
1883,5,0.8577185
1895,3435,0.8577185
1895,913,0.8577185
1895,908,0.8577185
1895,1248,0.8577185
1895,1086,0.8577185
1911,2990,0.8577185
1911,4085,0.8577185
1911,2,0.8577185
1911,2046,0.8577185
1911,5,0.8577185
1917,4975,0.89997363
1917,1732,0.89997363
1917,4886,0.89997363
1917,50,0.89997363
1917,1617,0.89997363
1918,2990,0.8577185
1918,4085,0.8577185
1918,2,0.8577185
1918,2046,0.8577185
1918,5,0.8577185
1920,2990,0.8577185
1920,4085,0.8577185
1920,2,0.8577185
1920,2046,0.8577185
1920,5,0.8577185
1923,2990,0.8577185
1923,4085,0.8577185
1923,2,0.8577185
1923,2046,0.8577185
1923,5,0.8577185
1954,2990,0.8577185
1954,4085,0.8577185
1954,2,0.8577185
1954,2046,0.8577185
1954,5,0.8577185
1961,2990,0.8577185
1961,4085,0.8577185
1961,2,0.8577185
1961,2046,0.8577185
1961,5,0.8577185
1969,2990,0.8577185
1969,4085,0.8577185
1969,2,0.8577185
1969,2046,0.8577185
1969,5,0.8577185
1970,2990,0.8577185
1970,4085,0.8577185
1970,2,0.8577185
1970,2046,0.8577185
1970,5,0.8577185
1971,2990,0.8577185
1971,4085,0.8577185
1971,2,0.8577185
1971,2046,0.8577185
1971,5,0.8577185
1973,2990,0.8577185
1973,4085,0.8577185
1973,2,0.8577185
1973,2046,0.8577185
1973,5,0.8577185
1974,2990,0.8577185
1974,4085,0.8577185
1974,2,0.8577185
1974,2046,0.8577185
1974,5,0.8577185
1992,2990,0.8577185
1992,4085,0.8577185
1992,2,0.8577185
1992,2046,0.8577185
1992,5,0.8577185
1993,2990,0.8577185
1993,4085,0.8577185
1993,2,0.8577185
1993,2046,0.8577185
1993,5,0.8577185
1994,2990,0.8577185
1994,4085,0.8577185
1994,2,0.8577185
1994,2046,0.8577185
1994,5,0.8577185
2000,2990,0.8577185
2000,4085,0.8577185
2000,2,0.8577185
2000,2046,0.8577185
2000,5,0.8577185
2001,2990,0.8577185
2001,4085,0.8577185
2001,2,0.8577185
2001,2046,0.8577185
2001,5,0.8577185
2002,2990,0.8577185
2002,4085,0.8577185
2002,2,0.8577185
2002,2046,0.8577185
2002,5,0.8577185
2003,2990,0.8577185
2003,4085,0.8577185
2003,2,0.8577185
2003,2046,0.8577185
2003,5,0.8577185
2004,2990,0.8577185
2004,4085,0.8577185
2004,2,0.8577185
2004,2046,0.8577185
2004,5,0.8577185
2005,2990,0.8577185
2005,4085,0.8577185
2005,2,0.8577185
2005,2046,0.8577185
2005,5,0.8577185
2011,2990,0.8577185
2011,4085,0.8577185
2011,2,0.8577185
2011,2046,0.8577185
2011,5,0.8577185
2012,2990,0.8577185
2012,4085,0.8577185
2012,2,0.8577185
2012,2046,0.8577185
2012,5,0.8577185
2013,2990,0.8577185
2013,4085,0.8577185
2013,2,0.8577185
2013,2046,0.8577185
2013,5,0.8577185
2021,2990,0.8577185
2021,4085,0.8577185
2021,2,0.8577185
2021,2046,0.8577185
2021,5,0.8577185
2026,2990,0.8577185
2026,4085,0.8577185
2026,2,0.8577185
2026,2046,0.8577185
2026,5,0.8577185
2028,4369,0.89997363
2028,4270,0.89997363
2028,1197,0.89997363
2028,1198,0.89997363
2028,4161,0.89997363
2046,2990,0.8577185
2046,4085,0.8577185
2046,2,0.8577185
2046,5,0.8577185
2046,6,0.8577185
2050,2990,0.8577185
2050,4085,0.8577185
2050,2,0.8577185
2050,2046,0.8577185
2050,5,0.8577185
2051,2990,0.8577185
2051,4085,0.8577185
2051,2,0.8577185
2051,2046,0.8577185
2051,5,0.8577185
2052,2990,0.8577185
2052,4085,0.8577185
2052,2,0.8577185
2052,2046,0.8577185
2052,5,0.8577185
2058,2990,0.8577185
2058,4085,0.8577185
2058,2,0.8577185
2058,2046,0.8577185
2058,5,0.8577185
2060,2990,0.8577185
2060,4085,0.8577185
2060,2,0.8577185
2060,2046,0.8577185
2060,5,0.8577185
2072,2990,0.8577185
2072,4085,0.8577185
2072,2,0.8577185
2072,2046,0.8577185
2072,5,0.8577185
2100,2990,0.8577185
2100,4085,0.8577185
2100,2,0.8577185
2100,2046,0.8577185
2100,5,0.8577185
2105,2990,0.8577185
2105,4085,0.8577185
2105,2,0.8577185
2105,2046,0.8577185
2105,5,0.8577185
2107,2990,0.8577185
2107,4085,0.8577185
2107,2,0.8577185
2107,2046,0.8577185
2107,5,0.8577185
2115,2990,0.8577185
2115,4085,0.8577185
2115,2,0.8577185
2115,2046,0.8577185
2115,5,0.8577185
2117,2990,0.8577185
2117,4085,0.8577185
2117,2,0.8577185
2117,2046,0.8577185
2117,5,0.8577185
2124,2990,0.8577185
2124,4085,0.8577185
2124,2,0.8577185
2124,2046,0.8577185
2124,5,0.8577185
2140,2990,0.8577185
2140,4085,0.8577185
2140,2,0.8577185
2140,2046,0.8577185
2140,5,0.8577185
2150,2990,0.8577185
2150,4085,0.8577185
2150,2,0.8577185
2150,2046,0.8577185
2150,5,0.8577185
2151,2990,0.8577185
2151,4085,0.8577185
2151,2,0.8577185
2151,2046,0.8577185
2151,5,0.8577185
2161,2990,0.8577185
2161,4085,0.8577185
2161,2,0.8577185
2161,2046,0.8577185
2161,5,0.8577185
2167,2990,0.8577185
2167,4085,0.8577185
2167,2,0.8577185
2167,2046,0.8577185
2167,5,0.8577185
2186,3435,0.8577185
2186,913,0.8577185
2186,908,0.8577185
2186,1248,0.8577185
2186,1086,0.8577185
2193,2990,0.8577185
2193,4085,0.8577185
2193,2,0.8577185
2193,2046,0.8577185
2193,5,0.8577185
2194,2990,0.8577185
2194,4085,0.8577185
2194,2,0.8577185
2194,2046,0.8577185
2194,5,0.8577185
2203,3435,0.8577185
2203,913,0.8577185
2203,908,0.8577185
2203,1248,0.8577185
2203,1086,0.8577185
2206,3435,0.8577185
2206,913,0.8577185
2206,908,0.8577185
2206,1248,0.8577185
2206,1086,0.8577185
2231,2990,0.8577185
2231,4085,0.8577185
2231,2,0.8577185
2231,2046,0.8577185
2231,5,0.8577185
2232,2990,0.8577185
2232,4085,0.8577185
2232,2,0.8577185
2232,2046,0.8577185
2232,5,0.8577185
2247,2990,0.8577185
2247,4085,0.8577185
2247,2,0.8577185
2247,2046,0.8577185
2247,5,0.8577185
2253,2990,0.8577185
2253,4085,0.8577185
2253,2,0.8577185
2253,2046,0.8577185
2253,5,0.8577185
2268,2990,0.8577185
2268,4085,0.8577185
2268,2,0.8577185
2268,2046,0.8577185
2268,5,0.8577185
2269,2990,0.8577185
2269,4085,0.8577185
2269,2,0.8577185
2269,2046,0.8577185
2269,5,0.8577185
2278,2990,0.8577185
2278,4085,0.8577185
2278,2,0.8577185
2278,2046,0.8577185
2278,5,0.8577185
2291,2990,0.8577185
2291,4085,0.8577185
2291,2,0.8577185
2291,2046,0.8577185
2291,5,0.8577185
2294,2990,0.8577185
2294,4085,0.8577185
2294,2,0.8577185
2294,2046,0.8577185
2294,5,0.8577185
2322,2990,0.8577185
2322,4085,0.8577185
2322,2,0.8577185
2322,2046,0.8577185
2322,5,0.8577185
2325,2990,0.8577185
2325,4085,0.8577185
2325,2,0.8577185
2325,2046,0.8577185
2325,5,0.8577185
2329,2990,0.8577185
2329,4085,0.8577185
2329,2,0.8577185
2329,2046,0.8577185
2329,5,0.8577185
2335,4975,0.89997363
2335,1732,0.89997363
2335,4886,0.89997363
2335,50,0.89997363
2335,1617,0.89997363
2338,2990,0.8577185
2338,4085,0.8577185
2338,2,0.8577185
2338,2046,0.8577185
2338,5,0.8577185
2340,2990,0.8577185
2340,4085,0.8577185
2340,2,0.8577185
2340,2046,0.8577185
2340,5,0.8577185
2355,2990,0.8577185
2355,4085,0.8577185
2355,2,0.8577185
2355,2046,0.8577185
2355,5,0.8577185
2369,2990,0.8577185
2369,4085,0.8577185
2369,2,0.8577185
2369,2046,0.8577185
2369,5,0.8577185
2371,2990,0.8577185
2371,4085,0.8577185
2371,2,0.8577185
2371,2046,0.8577185
2371,5,0.8577185
2375,2990,0.8577185
2375,4085,0.8577185
2375,2,0.8577185
2375,2046,0.8577185
2375,5,0.8577185
2378,2990,0.8577185
2378,4085,0.8577185
2378,2,0.8577185
2378,2046,0.8577185
2378,5,0.8577185
2379,2990,0.8577185
2379,4085,0.8577185
2379,2,0.8577185
2379,2046,0.8577185
2379,5,0.8577185
2380,2990,0.8577185
2380,4085,0.8577185
2380,2,0.8577185
2380,2046,0.8577185
2380,5,0.8577185
2382,2990,0.8577185
2382,4085,0.8577185
2382,2,0.8577185
2382,2046,0.8577185
2382,5,0.8577185
2383,2990,0.8577185
2383,4085,0.8577185
2383,2,0.8577185
2383,2046,0.8577185
2383,5,0.8577185
2387,2990,0.8577185
2387,4085,0.8577185
2387,2,0.8577185
2387,2046,0.8577185
2387,5,0.8577185
2389,2990,0.8577185
2389,4085,0.8577185
2389,2,0.8577185
2389,2046,0.8577185
2389,5,0.8577185
2391,3435,0.8577185
2391,913,0.8577185
2391,908,0.8577185
2391,1248,0.8577185
2391,1086,0.8577185
2393,2990,0.8577185
2393,4085,0.8577185
2393,2,0.8577185
2393,2046,0.8577185
2393,5,0.8577185
2395,3435,0.8577185
2395,913,0.8577185
2395,908,0.8577185
2395,1248,0.8577185
2395,1086,0.8577185
2396,1629,0.8577185
2396,4053,0.8577185
2396,3755,0.8577185
2396,3753,0.8577185
2396,1277,0.8577185
2405,4369,0.89997363
2405,4270,0.89997363
2405,1197,0.89997363
2405,1198,0.89997363
2405,4161,0.89997363
2406,2990,0.8577185
2406,4085,0.8577185
2406,2,0.8577185
2406,2046,0.8577185
2406,5,0.8577185
2407,2990,0.8577185
2407,4085,0.8577185
2407,2,0.8577185
2407,2046,0.8577185
2407,5,0.8577185
2412,2990,0.8577185
2412,4085,0.8577185
2412,2,0.8577185
2412,2046,0.8577185
2412,5,0.8577185
2422,2990,0.8577185
2422,4085,0.8577185
2422,2,0.8577185
2422,2046,0.8577185
2422,5,0.8577185
2428,2990,0.8577185
2428,4085,0.8577185
2428,2,0.8577185
2428,2046,0.8577185
2428,5,0.8577185
2431,2990,0.8577185
2431,4085,0.8577185
2431,2,0.8577185
2431,2046,0.8577185
2431,5,0.8577185
2433,2990,0.8577185
2433,4085,0.8577185
2433,2,0.8577185
2433,2046,0.8577185
2433,5,0.8577185
2447,2990,0.8577185
2447,4085,0.8577185
2447,2,0.8577185
2447,2046,0.8577185
2447,5,0.8577185
2470,2990,0.8577185
2470,4085,0.8577185
2470,2,0.8577185
2470,2046,0.8577185
2470,5,0.8577185
2471,2990,0.8577185
2471,4085,0.8577185
2471,2,0.8577185
2471,2046,0.8577185
2471,5,0.8577185
2478,4975,0.89997363
2478,1732,0.89997363
2478,4886,0.89997363
2478,50,0.89997363
2478,1617,0.89997363
2490,2990,0.8577185
2490,4085,0.8577185
2490,2,0.8577185
2490,2046,0.8577185
2490,5,0.8577185
2496,2990,0.8577185
2496,4085,0.8577185
2496,2,0.8577185
2496,2046,0.8577185
2496,5,0.8577185
2498,2990,0.8577185
2498,4085,0.8577185
2498,2,0.8577185
2498,2046,0.8577185
2498,5,0.8577185
2505,2990,0.8577185
2505,4085,0.8577185
2505,2,0.8577185
2505,2046,0.8577185
2505,5,0.8577185
2514,2990,0.8577185
2514,4085,0.8577185
2514,2,0.8577185
2514,2046,0.8577185
2514,5,0.8577185
2524,2990,0.8577185
2524,4085,0.8577185
2524,2,0.8577185
2524,2046,0.8577185
2524,5,0.8577185
2527,3435,0.8577185
2527,913,0.8577185
2527,908,0.8577185
2527,1248,0.8577185
2527,1086,0.8577185
2540,2990,0.8577185
2540,4085,0.8577185
2540,2,0.8577185
2540,2046,0.8577185
2540,5,0.8577185
2541,2990,0.8577185
2541,4085,0.8577185
2541,2,0.8577185
2541,2046,0.8577185
2541,5,0.8577185
2542,2990,0.8577185
2542,4085,0.8577185
2542,2,0.8577185
2542,2046,0.8577185
2542,5,0.8577185
2548,2990,0.8577185
2548,4085,0.8577185
2548,2,0.8577185
2548,2046,0.8577185
2548,5,0.8577185
2549,2990,0.8577185
2549,4085,0.8577185
2549,2,0.8577185
2549,2046,0.8577185
2549,5,0.8577185
2558,2990,0.8577185
2558,4085,0.8577185
2558,2,0.8577185
2558,2046,0.8577185
2558,5,0.8577185
2571,4369,0.89997363
2571,4270,0.89997363
2571,1197,0.89997363
2571,1198,0.89997363
2571,4161,0.89997363
2572,2990,0.8577185
2572,4085,0.8577185
2572,2,0.8577185
2572,2046,0.8577185
2572,5,0.8577185
2581,2990,0.8577185
2581,4085,0.8577185
2581,2,0.8577185
2581,2046,0.8577185
2581,5,0.8577185
2598,2990,0.8577185
2598,4085,0.8577185
2598,2,0.8577185
2598,2046,0.8577185
2598,5,0.8577185
2600,2990,0.8577185
2600,4085,0.8577185
2600,2,0.8577185
2600,2046,0.8577185
2600,5,0.8577185
2606,2990,0.8577185
2606,4085,0.8577185
2606,2,0.8577185
2606,2046,0.8577185
2606,5,0.8577185
2617,2990,0.8577185
2617,4085,0.8577185
2617,2,0.8577185
2617,2046,0.8577185
2617,5,0.8577185
2618,2990,0.8577185
2618,4085,0.8577185
2618,2,0.8577185
2618,2046,0.8577185
2618,5,0.8577185
2628,4369,0.89997363
2628,4270,0.89997363
2628,1197,0.89997363
2628,1198,0.89997363
2628,4161,0.89997363
2640,2990,0.8577185
2640,4085,0.8577185
2640,2,0.8577185
2640,2046,0.8577185
2640,5,0.8577185
2641,2990,0.8577185
2641,4085,0.8577185
2641,2,0.8577185
2641,2046,0.8577185
2641,5,0.8577185
2643,2990,0.8577185
2643,4085,0.8577185
2643,2,0.8577185
2643,2046,0.8577185
2643,5,0.8577185
2648,3435,0.8577185
2648,913,0.8577185
2648,908,0.8577185
2648,1248,0.8577185
2648,1086,0.8577185
2657,2990,0.8577185
2657,4085,0.8577185
2657,2,0.8577185
2657,2046,0.8577185
2657,5,0.8577185
2672,2990,0.8577185
2672,4085,0.8577185
2672,2,0.8577185
2672,2046,0.8577185
2672,5,0.8577185
2683,4975,0.89997363
2683,1732,0.89997363
2683,4886,0.89997363
2683,50,0.89997363
2683,1617,0.89997363
2699,2990,0.8577185
2699,4085,0.8577185
2699,2,0.8577185
2699,2046,0.8577185
2699,5,0.8577185
2700,2990,0.8577185
2700,4085,0.8577185
2700,2,0.8577185
2700,2046,0.8577185
2700,5,0.8577185
2701,2990,0.8577185
2701,4085,0.8577185
2701,2,0.8577185
2701,2046,0.8577185
2701,5,0.8577185
2713,2990,0.8577185
2713,4085,0.8577185
2713,2,0.8577185
2713,2046,0.8577185
2713,5,0.8577185
2717,2990,0.8577185
2717,4085,0.8577185
2717,2,0.8577185
2717,2046,0.8577185
2717,5,0.8577185
2719,2990,0.8577185
2719,4085,0.8577185
2719,2,0.8577185
2719,2046,0.8577185
2719,5,0.8577185
2735,2990,0.8577185
2735,4085,0.8577185
2735,2,0.8577185
2735,2046,0.8577185
2735,5,0.8577185
2762,4975,0.89997363
2762,1732,0.89997363
2762,4886,0.89997363
2762,50,0.89997363
2762,1617,0.89997363
2772,2990,0.8577185
2772,4085,0.8577185
2772,2,0.8577185
2772,2046,0.8577185
2772,5,0.8577185
2791,3435,0.8577185
2791,913,0.8577185
2791,908,0.8577185
2791,1248,0.8577185
2791,1086,0.8577185
2793,2990,0.8577185
2793,4085,0.8577185
2793,2,0.8577185
2793,2046,0.8577185
2793,5,0.8577185
2796,2990,0.8577185
2796,4085,0.8577185
2796,2,0.8577185
2796,2046,0.8577185
2796,5,0.8577185
2802,2990,0.8577185
2802,4085,0.8577185
2802,2,0.8577185
2802,2046,0.8577185
2802,5,0.8577185
2804,3435,0.8577185
2804,913,0.8577185
2804,908,0.8577185
2804,1248,0.8577185
2804,1086,0.8577185
2805,2990,0.8577185
2805,4085,0.8577185
2805,2,0.8577185
2805,2046,0.8577185
2805,5,0.8577185
2807,2990,0.8577185
2807,4085,0.8577185
2807,2,0.8577185
2807,2046,0.8577185
2807,5,0.8577185
2808,2990,0.8577185
2808,4085,0.8577185
2808,2,0.8577185
2808,2046,0.8577185
2808,5,0.8577185
2826,2990,0.8577185
2826,4085,0.8577185
2826,2,0.8577185
2826,2046,0.8577185
2826,5,0.8577185
2841,2990,0.8577185
2841,4085,0.8577185
2841,2,0.8577185
2841,2046,0.8577185
2841,5,0.8577185
2858,2990,0.8577185
2858,4085,0.8577185
2858,2,0.8577185
2858,2046,0.8577185
2858,5,0.8577185
2881,2990,0.8577185
2881,4085,0.8577185
2881,2,0.8577185
2881,2046,0.8577185
2881,5,0.8577185
2889,2990,0.8577185
2889,4085,0.8577185
2889,2,0.8577185
2889,2046,0.8577185
2889,5,0.8577185
2893,2990,0.8577185
2893,4085,0.8577185
2893,2,0.8577185
2893,2046,0.8577185
2893,5,0.8577185
2913,2990,0.8577185
2913,4085,0.8577185
2913,2,0.8577185
2913,2046,0.8577185
2913,5,0.8577185
2916,2990,0.8577185
2916,4085,0.8577185
2916,2,0.8577185
2916,2046,0.8577185
2916,5,0.8577185
2936,3435,0.8577185
2936,913,0.8577185
2936,908,0.8577185
2936,1248,0.8577185
2936,1086,0.8577185
2944,2990,0.8577185
2944,4085,0.8577185
2944,2,0.8577185
2944,2046,0.8577185
2944,5,0.8577185
2947,2990,0.8577185
2947,4085,0.8577185
2947,2,0.8577185
2947,2046,0.8577185
2947,5,0.8577185
2948,2990,0.8577185
2948,4085,0.8577185
2948,2,0.8577185
2948,2046,0.8577185
2948,5,0.8577185
2949,2990,0.8577185
2949,4085,0.8577185
2949,2,0.8577185
2949,2046,0.8577185
2949,5,0.8577185
2950,2990,0.8577185
2950,4085,0.8577185
2950,2,0.8577185
2950,2046,0.8577185
2950,5,0.8577185
2959,2990,0.8577185
2959,4085,0.8577185
2959,2,0.8577185
2959,2046,0.8577185
2959,5,0.8577185
2968,2990,0.8577185
2968,4085,0.8577185
2968,2,0.8577185
2968,2046,0.8577185
2968,5,0.8577185
2976,2990,0.8577185
2976,4085,0.8577185
2976,2,0.8577185
2976,2046,0.8577185
2976,5,0.8577185
2978,2990,0.8577185
2978,4085,0.8577185
2978,2,0.8577185
2978,2046,0.8577185
2978,5,0.8577185
2985,2990,0.8577185
2985,4085,0.8577185
2985,2,0.8577185
2985,2046,0.8577185
2985,5,0.8577185
2987,2990,0.8577185
2987,4085,0.8577185
2987,2,0.8577185
2987,2046,0.8577185
2987,5,0.8577185
2989,2990,0.8577185
2989,4085,0.8577185
2989,2,0.8577185
2989,2046,0.8577185
2989,5,0.8577185
2990,3526,0.8577185
2990,4085,0.8577185
2990,2,0.8577185
2990,2046,0.8577185
2990,5,0.8577185
2995,2990,0.8577185
2995,4085,0.8577185
2995,2,0.8577185
2995,2046,0.8577185
2995,5,0.8577185
2997,2990,0.8577185
2997,4085,0.8577185
2997,2,0.8577185
2997,2046,0.8577185
2997,5,0.8577185
3005,2990,0.8577185
3005,4085,0.8577185
3005,2,0.8577185
3005,2046,0.8577185
3005,5,0.8577185
3006,3435,0.8577185
3006,913,0.8577185
3006,908,0.8577185
3006,1248,0.8577185
3006,1086,0.8577185
3020,2990,0.8577185
3020,4085,0.8577185
3020,2,0.8577185
3020,2046,0.8577185
3020,5,0.8577185
3033,2990,0.8577185
3033,4085,0.8577185
3033,2,0.8577185
3033,2046,0.8577185
3033,5,0.8577185
3039,2990,0.8577185
3039,4085,0.8577185
3039,2,0.8577185
3039,2046,0.8577185
3039,5,0.8577185
3044,3435,0.8577185
3044,913,0.8577185
3044,908,0.8577185
3044,1248,0.8577185
3044,1086,0.8577185
3052,2990,0.8577185
3052,4085,0.8577185
3052,2,0.8577185
3052,2046,0.8577185
3052,5,0.8577185
3081,2990,0.8577185
3081,4085,0.8577185
3081,2,0.8577185
3081,2046,0.8577185
3081,5,0.8577185
3101,2990,0.8577185
3101,4085,0.8577185
3101,2,0.8577185
3101,2046,0.8577185
3101,5,0.8577185
3114,2990,0.8577185
3114,4085,0.8577185
3114,2,0.8577185
3114,2046,0.8577185
3114,5,0.8577185
3145,2990,0.8577185
3145,4085,0.8577185
3145,2,0.8577185
3145,2046,0.8577185
3145,5,0.8577185
3146,2990,0.8577185
3146,4085,0.8577185
3146,2,0.8577185
3146,2046,0.8577185
3146,5,0.8577185
3147,2990,0.8577185
3147,4085,0.8577185
3147,2,0.8577185
3147,2046,0.8577185
3147,5,0.8577185
3156,2990,0.8577185
3156,4085,0.8577185
3156,2,0.8577185
3156,2046,0.8577185
3156,5,0.8577185
3175,2990,0.8577185
3175,4085,0.8577185
3175,2,0.8577185
3175,2046,0.8577185
3175,5,0.8577185
3176,4975,0.89997363
3176,1732,0.89997363
3176,4886,0.89997363
3176,50,0.89997363
3176,1617,0.89997363
3178,2990,0.8577185
3178,4085,0.8577185
3178,2,0.8577185
3178,2046,0.8577185
3178,5,0.8577185
3208,2990,0.8577185
3208,4085,0.8577185
3208,2,0.8577185
3208,2046,0.8577185
3208,5,0.8577185
3243,2990,0.8577185
3243,4085,0.8577185
3243,2,0.8577185
3243,2046,0.8577185
3243,5,0.8577185
3248,2990,0.8577185
3248,4085,0.8577185
3248,2,0.8577185
3248,2046,0.8577185
3248,5,0.8577185
3249,2990,0.8577185
3249,4085,0.8577185
3249,2,0.8577185
3249,2046,0.8577185
3249,5,0.8577185
3253,2990,0.8577185
3253,4085,0.8577185
3253,2,0.8577185
3253,2046,0.8577185
3253,5,0.8577185
3254,2990,0.8577185
3254,4085,0.8577185
3254,2,0.8577185
3254,2046,0.8577185
3254,5,0.8577185
3256,2990,0.8577185
3256,4085,0.8577185
3256,2,0.8577185
3256,2046,0.8577185
3256,5,0.8577185
3257,2990,0.8577185
3257,4085,0.8577185
3257,2,0.8577185
3257,2046,0.8577185
3257,5,0.8577185
3258,2990,0.8577185
3258,4085,0.8577185
3258,2,0.8577185
3258,2046,0.8577185
3258,5,0.8577185
3261,2990,0.8577185
3261,4085,0.8577185
3261,2,0.8577185
3261,2046,0.8577185
3261,5,0.8577185
3263,2990,0.8577185
3263,4085,0.8577185
3263,2,0.8577185
3263,2046,0.8577185
3263,5,0.8577185
3264,2990,0.8577185
3264,4085,0.8577185
3264,2,0.8577185
3264,2046,0.8577185
3264,5,0.8577185
3268,2990,0.8577185
3268,4085,0.8577185
3268,2,0.8577185
3268,2046,0.8577185
3268,5,0.8577185
3271,2990,0.8577185
3271,4085,0.8577185
3271,2,0.8577185
3271,2046,0.8577185
3271,5,0.8577185
3300,2990,0.8577185
3300,4085,0.8577185
3300,2,0.8577185
3300,2046,0.8577185
3300,5,0.8577185
3301,2990,0.8577185
3301,4085,0.8577185
3301,2,0.8577185
3301,2046,0.8577185
3301,5,0.8577185
3316,2990,0.8577185
3316,4085,0.8577185
3316,2,0.8577185
3316,2046,0.8577185
3316,5,0.8577185
3324,2990,0.8577185
3324,4085,0.8577185
3324,2,0.8577185
3324,2046,0.8577185
3324,5,0.8577185
3334,3435,0.8577185
3334,913,0.8577185
3334,908,0.8577185
3334,1248,0.8577185
3334,1086,0.8577185
3354,2990,0.8577185
3354,4085,0.8577185
3354,2,0.8577185
3354,2046,0.8577185
3354,5,0.8577185
3365,3435,0.8577185
3365,913,0.8577185
3365,908,0.8577185
3365,1248,0.8577185
3365,1086,0.8577185
3408,8783,0.8577185
3408,6539,0.8577185
3408,4995,0.8577185
3408,6287,0.8577185
3408,6377,0.8577185
3409,2990,0.8577185
3409,4085,0.8577185
3409,2,0.8577185
3409,2046,0.8577185
3409,5,0.8577185
3435,4420,0.8577185
3435,913,0.8577185
3435,908,0.8577185
3435,1248,0.8577185
3435,1086,0.8577185
3448,2990,0.8577185
3448,4085,0.8577185
3448,2,0.8577185
3448,2046,0.8577185
3448,5,0.8577185
3452,2990,0.8577185
3452,4085,0.8577185
3452,2,0.8577185
3452,2046,0.8577185
3452,5,0.8577185
3457,2990,0.8577185
3457,4085,0.8577185
3457,2,0.8577185
3457,2046,0.8577185
3457,5,0.8577185
3466,2990,0.8577185
3466,4085,0.8577185
3466,2,0.8577185
3466,2046,0.8577185
3466,5,0.8577185
3467,3435,0.8577185
3467,913,0.8577185
3467,908,0.8577185
3467,1248,0.8577185
3467,1086,0.8577185
3471,4975,0.89997363
3471,1732,0.89997363
3471,4886,0.89997363
3471,50,0.89997363
3471,1617,0.89997363
3477,2990,0.8577185
3477,4085,0.8577185
3477,2,0.8577185
3477,2046,0.8577185
3477,5,0.8577185
3484,2990,0.8577185
3484,4085,0.8577185
3484,2,0.8577185
3484,2046,0.8577185
3484,5,0.8577185
3499,2990,0.8577185
3499,4085,0.8577185
3499,2,0.8577185
3499,2046,0.8577185
3499,5,0.8577185
3526,2990,0.8577185
3526,4085,0.8577185
3526,2,0.8577185
3526,2046,0.8577185
3526,5,0.8577185
3527,2990,0.8577185
3527,4085,0.8577185
3527,2,0.8577185
3527,2046,0.8577185
3527,5,0.8577185
3534,2990,0.8577185
3534,4085,0.8577185
3534,2,0.8577185
3534,2046,0.8577185
3534,5,0.8577185
3535,2990,0.8577185
3535,4085,0.8577185
3535,2,0.8577185
3535,2046,0.8577185
3535,5,0.8577185
3555,4369,0.89997363
3555,4270,0.89997363
3555,1197,0.89997363
3555,1198,0.89997363
3555,4161,0.89997363
3564,2990,0.8577185
3564,4085,0.8577185
3564,2,0.8577185
3564,2046,0.8577185
3564,5,0.8577185
3578,4369,0.89997363
3578,4270,0.89997363
3578,1197,0.89997363
3578,1198,0.89997363
3578,4161,0.89997363
3593,2990,0.8577185
3593,4085,0.8577185
3593,2,0.8577185
3593,2046,0.8577185
3593,5,0.8577185
3623,4369,0.89997363
3623,4270,0.89997363
3623,1197,0.89997363
3623,1198,0.89997363
3623,4161,0.89997363
3624,2990,0.8577185
3624,4085,0.8577185
3624,2,0.8577185
3624,2046,0.8577185
3624,5,0.8577185
3635,2990,0.8577185
3635,4085,0.8577185
3635,2,0.8577185
3635,2046,0.8577185
3635,5,0.8577185
3639,2990,0.8577185
3639,4085,0.8577185
3639,2,0.8577185
3639,2046,0.8577185
3639,5,0.8577185
3671,3435,0.8577185
3671,913,0.8577185
3671,908,0.8577185
3671,1248,0.8577185
3671,1086,0.8577185
3684,8783,0.8577185
3684,6539,0.8577185
3684,4995,0.8577185
3684,6287,0.8577185
3684,6377,0.8577185
3686,2990,0.8577185
3686,4085,0.8577185
3686,2,0.8577185
3686,2046,0.8577185
3686,5,0.8577185
3698,2990,0.8577185
3698,4085,0.8577185
3698,2,0.8577185
3698,2046,0.8577185
3698,5,0.8577185
3699,2990,0.8577185
3699,4085,0.8577185
3699,2,0.8577185
3699,2046,0.8577185
3699,5,0.8577185
3701,2990,0.8577185
3701,4085,0.8577185
3701,2,0.8577185
3701,2046,0.8577185
3701,5,0.8577185
3702,2990,0.8577185
3702,4085,0.8577185
3702,2,0.8577185
3702,2046,0.8577185
3702,5,0.8577185
3703,4975,0.89997363
3703,1732,0.89997363
3703,4886,0.89997363
3703,50,0.89997363
3703,1617,0.89997363
3704,2990,0.8577185
3704,4085,0.8577185
3704,2,0.8577185
3704,2046,0.8577185
3704,5,0.8577185
3705,2990,0.8577185
3705,4085,0.8577185
3705,2,0.8577185
3705,2046,0.8577185
3705,5,0.8577185
3710,2990,0.8577185
3710,4085,0.8577185
3710,2,0.8577185
3710,2046,0.8577185
3710,5,0.8577185
3717,2990,0.8577185
3717,4085,0.8577185
3717,2,0.8577185
3717,2046,0.8577185
3717,5,0.8577185
3730,3435,0.8577185
3730,913,0.8577185
3730,908,0.8577185
3730,1248,0.8577185
3730,1086,0.8577185
3740,4369,0.89997363
3740,4270,0.89997363
3740,1197,0.89997363
3740,1198,0.89997363
3740,4161,0.89997363
3744,2990,0.8577185
3744,4085,0.8577185
3744,2,0.8577185
3744,2046,0.8577185
3744,5,0.8577185
3745,2990,0.8577185
3745,4085,0.8577185
3745,2,0.8577185
3745,2046,0.8577185
3745,5,0.8577185
3751,2990,0.8577185
3751,4085,0.8577185
3751,2,0.8577185
3751,2046,0.8577185
3751,5,0.8577185
3752,2990,0.8577185
3752,4085,0.8577185
3752,2,0.8577185
3752,2046,0.8577185
3752,5,0.8577185
3753,1629,0.8577185
3753,2396,0.8577185
3753,3755,0.8577185
3753,1277,0.8577185
3753,4053,0.8577185
3755,1629,0.8577185
3755,4053,0.8577185
3755,2396,0.8577185
3755,3753,0.8577185
3755,1277,0.8577185
3763,2990,0.8577185
3763,4085,0.8577185
3763,2,0.8577185
3763,2046,0.8577185
3763,5,0.8577185
3764,2990,0.8577185
3764,4085,0.8577185
3764,2,0.8577185
3764,2046,0.8577185
3764,5,0.8577185
3793,2990,0.8577185
3793,4085,0.8577185
3793,2,0.8577185
3793,2046,0.8577185
3793,5,0.8577185
3798,2990,0.8577185
3798,4085,0.8577185
3798,2,0.8577185
3798,2046,0.8577185
3798,5,0.8577185
3802,2990,0.8577185
3802,4085,0.8577185
3802,2,0.8577185
3802,2046,0.8577185
3802,5,0.8577185
3809,2990,0.8577185
3809,4085,0.8577185
3809,2,0.8577185
3809,2046,0.8577185
3809,5,0.8577185
3810,2990,0.8577185
3810,4085,0.8577185
3810,2,0.8577185
3810,2046,0.8577185
3810,5,0.8577185
3821,2990,0.8577185
3821,4085,0.8577185
3821,2,0.8577185
3821,2046,0.8577185
3821,5,0.8577185
3825,2990,0.8577185
3825,4085,0.8577185
3825,2,0.8577185
3825,2046,0.8577185
3825,5,0.8577185
3826,2990,0.8577185
3826,4085,0.8577185
3826,2,0.8577185
3826,2046,0.8577185
3826,5,0.8577185
3827,2990,0.8577185
3827,4085,0.8577185
3827,2,0.8577185
3827,2046,0.8577185
3827,5,0.8577185
3841,2990,0.8577185
3841,4085,0.8577185
3841,2,0.8577185
3841,2046,0.8577185
3841,5,0.8577185
3859,3435,0.8577185
3859,913,0.8577185
3859,908,0.8577185
3859,1248,0.8577185
3859,1086,0.8577185
3863,1629,0.8577185
3863,4053,0.8577185
3863,2396,0.8577185
3863,3753,0.8577185
3863,1277,0.8577185
3864,2990,0.8577185
3864,4085,0.8577185
3864,2,0.8577185
3864,2046,0.8577185
3864,5,0.8577185
3879,2990,0.8577185
3879,4085,0.8577185
3879,2,0.8577185
3879,2046,0.8577185
3879,5,0.8577185
3882,2990,0.8577185
3882,4085,0.8577185
3882,2,0.8577185
3882,2046,0.8577185
3882,5,0.8577185
3897,2990,0.8577185
3897,4085,0.8577185
3897,2,0.8577185
3897,2046,0.8577185
3897,5,0.8577185
3948,2990,0.8577185
3948,4085,0.8577185
3948,2,0.8577185
3948,2046,0.8577185
3948,5,0.8577185
3973,2990,0.8577185
3973,4085,0.8577185
3973,2,0.8577185
3973,2046,0.8577185
3973,5,0.8577185
3977,2990,0.8577185
3977,4085,0.8577185
3977,2,0.8577185
3977,2046,0.8577185
3977,5,0.8577185
3978,2990,0.8577185
3978,4085,0.8577185
3978,2,0.8577185
3978,2046,0.8577185
3978,5,0.8577185
3981,2990,0.8577185
3981,4085,0.8577185
3981,2,0.8577185
3981,2046,0.8577185
3981,5,0.8577185
3986,4369,0.89997363
3986,4270,0.89997363
3986,1197,0.89997363
3986,1198,0.89997363
3986,4161,0.89997363
3988,2990,0.8577185
3988,4085,0.8577185
3988,2,0.8577185
3988,2046,0.8577185
3988,5,0.8577185
3994,1196,0.91368157
3994,1748,0.91368157
3994,260,0.85888326
3994,32,0.85888326
3994,1590,0.8381426
3996,4369,0.89997363
3996,4270,0.89997363
3996,1197,0.89997363
3996,1198,0.89997363
3996,4161,0.89997363
3997,2990,0.8577185
3997,4085,0.8577185
3997,2,0.8577185
3997,2046,0.8577185
3997,5,0.8577185
3998,2990,0.8577185
3998,4085,0.8577185
3998,2,0.8577185
3998,2046,0.8577185
3998,5,0.8577185
3999,2990,0.8577185
3999,4085,0.8577185
3999,2,0.8577185
3999,2046,0.8577185
3999,5,0.8577185
4002,2990,0.8577185
4002,4085,0.8577185
4002,2,0.8577185
4002,2046,0.8577185
4002,5,0.8577185
4010,2990,0.8577185
4010,4085,0.8577185
4010,2,0.8577185
4010,2046,0.8577185
4010,5,0.8577185
4011,2990,0.8577185
4011,4085,0.8577185
4011,2,0.8577185
4011,2046,0.8577185
4011,5,0.8577185
4015,2990,0.8577185
4015,4085,0.8577185
4015,2,0.8577185
4015,2046,0.8577185
4015,5,0.8577185
4018,2990,0.8577185
4018,4085,0.8577185
4018,2,0.8577185
4018,2046,0.8577185
4018,5,0.8577185
4027,4975,0.89997363
4027,1732,0.89997363
4027,4886,0.89997363
4027,50,0.89997363
4027,1617,0.89997363
4030,2990,0.8577185
4030,4085,0.8577185
4030,2,0.8577185
4030,2046,0.8577185
4030,5,0.8577185
4040,2990,0.8577185
4040,4085,0.8577185
4040,2,0.8577185
4040,2046,0.8577185
4040,5,0.8577185
4053,1629,0.8577185
4053,2396,0.8577185
4053,3755,0.8577185
4053,3753,0.8577185
4053,1277,0.8577185
4084,2990,0.8577185
4084,2,0.8577185
4084,2046,0.8577185
4084,5,0.8577185
4084,6,0.8577185
4085,2990,0.8577185
4085,2,0.8577185
4085,2046,0.8577185
4085,5,0.8577185
4085,6,0.8577185
4092,2990,0.8577185
4092,4085,0.8577185
4092,2,0.8577185
4092,2046,0.8577185
4092,5,0.8577185
4105,2990,0.8577185
4105,4085,0.8577185
4105,2,0.8577185
4105,2046,0.8577185
4105,5,0.8577185
4121,2990,0.8577185
4121,4085,0.8577185
4121,2,0.8577185
4121,2046,0.8577185
4121,5,0.8577185
4128,2990,0.8577185
4128,4085,0.8577185
4128,2,0.8577185
4128,2046,0.8577185
4128,5,0.8577185
4161,4446,0.89997363
4161,4369,0.89997363
4161,1198,0.89997363
4161,1197,0.89997363
4161,4270,0.89997363
4178,2990,0.8577185
4178,4085,0.8577185
4178,2,0.8577185
4178,2046,0.8577185
4178,5,0.8577185
4200,2990,0.8577185
4200,4085,0.8577185
4200,2,0.8577185
4200,2046,0.8577185
4200,5,0.8577185
4203,2990,0.8577185
4203,4085,0.8577185
4203,2,0.8577185
4203,2046,0.8577185
4203,5,0.8577185
4206,3435,0.8577185
4206,913,0.8577185
4206,908,0.8577185
4206,1248,0.8577185
4206,1086,0.8577185
4207,2990,0.8577185
4207,4085,0.8577185
4207,2,0.8577185
4207,2046,0.8577185
4207,5,0.8577185
4223,2990,0.8577185
4223,4085,0.8577185
4223,2,0.8577185
4223,2046,0.8577185
4223,5,0.8577185
4224,2990,0.8577185
4224,4085,0.8577185
4224,2,0.8577185
4224,2046,0.8577185
4224,5,0.8577185
4226,4975,0.89997363
4226,1732,0.89997363
4226,4886,0.89997363
4226,50,0.89997363
4226,1617,0.89997363
4246,3435,0.8577185
4246,913,0.8577185
4246,908,0.8577185
4246,1248,0.8577185
4246,1086,0.8577185
4247,2990,0.8577185
4247,4085,0.8577185
4247,2,0.8577185
4247,2046,0.8577185
4247,5,0.8577185
4251,2990,0.8577185
4251,4085,0.8577185
4251,2,0.8577185
4251,2046,0.8577185
4251,5,0.8577185
4255,2990,0.8577185
4255,4085,0.8577185
4255,2,0.8577185
4255,2046,0.8577185
4255,5,0.8577185
4265,2990,0.8577185
4265,4085,0.8577185
4265,2,0.8577185
4265,2046,0.8577185
4265,5,0.8577185
4266,2990,0.8577185
4266,4085,0.8577185
4266,2,0.8577185
4266,2046,0.8577185
4266,5,0.8577185
4267,2990,0.8577185
4267,4085,0.8577185
4267,2,0.8577185
4267,2046,0.8577185
4267,5,0.8577185
4270,4446,0.89997363
4270,4369,0.89997363
4270,1197,0.89997363
4270,1198,0.89997363
4270,4161,0.89997363
4280,2990,0.8577185
4280,4085,0.8577185
4280,2,0.8577185
4280,2046,0.8577185
4280,5,0.8577185
4299,4369,0.89997363
4299,4270,0.89997363
4299,1197,0.89997363
4299,1198,0.89997363
4299,4161,0.89997363
4306,4975,0.89997363
4306,1732,0.89997363
4306,4886,0.89997363
4306,50,0.89997363
4306,1617,0.89997363
4310,2990,0.8577185
4310,4085,0.8577185
4310,2,0.8577185
4310,2046,0.8577185
4310,5,0.8577185
4321,2990,0.8577185
4321,4085,0.8577185
4321,2,0.8577185
4321,2046,0.8577185
4321,5,0.8577185
4327,3435,0.8577185
4327,913,0.8577185
4327,908,0.8577185
4327,1248,0.8577185
4327,1086,0.8577185
4343,2990,0.8577185
4343,4085,0.8577185
4343,2,0.8577185
4343,2046,0.8577185
4343,5,0.8577185
4351,2990,0.8577185
4351,4085,0.8577185
4351,2,0.8577185
4351,2046,0.8577185
4351,5,0.8577185
4361,2990,0.8577185
4361,4085,0.8577185
4361,2,0.8577185
4361,2046,0.8577185
4361,5,0.8577185
4367,2990,0.8577185
4367,4085,0.8577185
4367,2,0.8577185
4367,2046,0.8577185
4367,5,0.8577185
4369,4446,0.89997363
4369,4270,0.89997363
4369,1197,0.89997363
4369,1198,0.89997363
4369,4161,0.89997363
4370,2990,0.8577185
4370,4085,0.8577185
4370,2,0.8577185
4370,2046,0.8577185
4370,5,0.8577185
4372,2990,0.8577185
4372,4085,0.8577185
4372,2,0.8577185
4372,2046,0.8577185
4372,5,0.8577185
4387,2990,0.8577185
4387,4085,0.8577185
4387,2,0.8577185
4387,2046,0.8577185
4387,5,0.8577185
4396,2990,0.8577185
4396,4085,0.8577185
4396,2,0.8577185
4396,2046,0.8577185
4396,5,0.8577185
4406,3435,0.8577185
4406,913,0.8577185
4406,908,0.8577185
4406,1248,0.8577185
4406,1086,0.8577185
4420,3435,0.8577185
4420,913,0.8577185
4420,908,0.8577185
4420,1248,0.8577185
4420,1086,0.8577185
4432,3435,0.8577185
4432,913,0.8577185
4432,908,0.8577185
4432,1248,0.8577185
4432,1086,0.8577185
4446,4369,0.89997363
4446,4270,0.89997363
4446,1197,0.89997363
4446,1198,0.89997363
4446,4161,0.89997363
4447,2990,0.8577185
4447,4085,0.8577185
4447,2,0.8577185
4447,2046,0.8577185
4447,5,0.8577185
4452,2990,0.8577185
4452,4085,0.8577185
4452,2,0.8577185
4452,2046,0.8577185
4452,5,0.8577185
4483,2990,0.8577185
4483,4085,0.8577185
4483,2,0.8577185
4483,2046,0.8577185
4483,5,0.8577185
4487,2990,0.8577185
4487,4085,0.8577185
4487,2,0.8577185
4487,2046,0.8577185
4487,5,0.8577185
4488,2990,0.8577185
4488,4085,0.8577185
4488,2,0.8577185
4488,2046,0.8577185
4488,5,0.8577185
4489,2990,0.8577185
4489,4085,0.8577185
4489,2,0.8577185
4489,2046,0.8577185
4489,5,0.8577185
4499,2990,0.8577185
4499,4085,0.8577185
4499,2,0.8577185
4499,2046,0.8577185
4499,5,0.8577185
4526,2990,0.8577185
4526,4085,0.8577185
4526,2,0.8577185
4526,2046,0.8577185
4526,5,0.8577185
4531,2990,0.8577185
4531,4085,0.8577185
4531,2,0.8577185
4531,2046,0.8577185
4531,5,0.8577185
4535,8783,0.8577185
4535,6539,0.8577185
4535,4995,0.8577185
4535,6287,0.8577185
4535,6377,0.8577185
4544,2990,0.8577185
4544,4085,0.8577185
4544,2,0.8577185
4544,2046,0.8577185
4544,5,0.8577185
4545,2990,0.8577185
4545,4085,0.8577185
4545,2,0.8577185
4545,2046,0.8577185
4545,5,0.8577185
4558,2990,0.8577185
4558,4085,0.8577185
4558,2,0.8577185
4558,2046,0.8577185
4558,5,0.8577185
4563,2990,0.8577185
4563,4085,0.8577185
4563,2,0.8577185
4563,2046,0.8577185
4563,5,0.8577185
4571,2990,0.8577185
4571,4085,0.8577185
4571,2,0.8577185
4571,2046,0.8577185
4571,5,0.8577185
4572,2990,0.8577185
4572,4085,0.8577185
4572,2,0.8577185
4572,2046,0.8577185
4572,5,0.8577185
4580,2990,0.8577185
4580,4085,0.8577185
4580,2,0.8577185
4580,2046,0.8577185
4580,5,0.8577185
4587,2990,0.8577185
4587,4085,0.8577185
4587,2,0.8577185
4587,2046,0.8577185
4587,5,0.8577185
4621,2990,0.8577185
4621,4085,0.8577185
4621,2,0.8577185
4621,2046,0.8577185
4621,5,0.8577185
4624,2990,0.8577185
4624,4085,0.8577185
4624,2,0.8577185
4624,2046,0.8577185
4624,5,0.8577185
4636,2990,0.8577185
4636,4085,0.8577185
4636,2,0.8577185
4636,2046,0.8577185
4636,5,0.8577185
4643,2990,0.8577185
4643,4085,0.8577185
4643,2,0.8577185
4643,2046,0.8577185
4643,5,0.8577185
4672,2990,0.8577185
4672,4085,0.8577185
4672,2,0.8577185
4672,2046,0.8577185
4672,5,0.8577185
4673,2990,0.8577185
4673,4085,0.8577185
4673,2,0.8577185
4673,2046,0.8577185
4673,5,0.8577185
4677,1597,0.89997363
4677,1552,0.89997363
4677,1408,0.89997363
4677,1148,0.8381426
4677,590,0.77539116
4681,2990,0.8577185
4681,4085,0.8577185
4681,2,0.8577185
4681,2046,0.8577185
4681,5,0.8577185
4701,2990,0.8577185
4701,4085,0.8577185
4701,2,0.8577185
4701,2046,0.8577185
4701,5,0.8577185
4718,2990,0.8577185
4718,4085,0.8577185
4718,2,0.8577185
4718,2046,0.8577185
4718,5,0.8577185
4728,2990,0.8577185
4728,4085,0.8577185
4728,2,0.8577185
4728,2046,0.8577185
4728,5,0.8577185
4734,2990,0.8577185
4734,4085,0.8577185
4734,2,0.8577185
4734,2046,0.8577185
4734,5,0.8577185
4735,2990,0.8577185
4735,4085,0.8577185
4735,2,0.8577185
4735,2046,0.8577185
4735,5,0.8577185
4744,2990,0.8577185
4744,4085,0.8577185
4744,2,0.8577185
4744,2046,0.8577185
4744,5,0.8577185
4756,2990,0.8577185
4756,4085,0.8577185
4756,2,0.8577185
4756,2046,0.8577185
4756,5,0.8577185
4758,2990,0.8577185
4758,4085,0.8577185
4758,2,0.8577185
4758,2046,0.8577185
4758,5,0.8577185
4776,2990,0.8577185
4776,4085,0.8577185
4776,2,0.8577185
4776,2046,0.8577185
4776,5,0.8577185
4844,2990,0.8577185
4844,4085,0.8577185
4844,2,0.8577185
4844,2046,0.8577185
4844,5,0.8577185
4848,2990,0.8577185
4848,4085,0.8577185
4848,2,0.8577185
4848,2046,0.8577185
4848,5,0.8577185
4855,2990,0.8577185
4855,4085,0.8577185
4855,2,0.8577185
4855,2046,0.8577185
4855,5,0.8577185
4866,2990,0.8577185
4866,4085,0.8577185
4866,2,0.8577185
4866,2046,0.8577185
4866,5,0.8577185
4874,2990,0.8577185
4874,4085,0.8577185
4874,2,0.8577185
4874,2046,0.8577185
4874,5,0.8577185
4878,2990,0.8577185
4878,4085,0.8577185
4878,2,0.8577185
4878,2046,0.8577185
4878,5,0.8577185
4886,1917,0.89997363
4886,1732,0.89997363
4886,4975,0.89997363
4886,50,0.89997363
4886,1617,0.89997363
4887,2990,0.8577185
4887,4085,0.8577185
4887,2,0.8577185
4887,2046,0.8577185
4887,5,0.8577185
4899,2990,0.8577185
4899,4085,0.8577185
4899,2,0.8577185
4899,2046,0.8577185
4899,5,0.8577185
4954,2990,0.8577185
4954,4085,0.8577185
4954,2,0.8577185
4954,2046,0.8577185
4954,5,0.8577185
4958,2990,0.8577185
4958,4085,0.8577185
4958,2,0.8577185
4958,2046,0.8577185
4958,5,0.8577185
4963,2990,0.8577185
4963,4085,0.8577185
4963,2,0.8577185
4963,2046,0.8577185
4963,5,0.8577185
4975,1917,0.89997363
4975,1732,0.89997363
4975,4886,0.89997363
4975,50,0.89997363
4975,1617,0.89997363
4978,2990,0.8577185
4978,4085,0.8577185
4978,2,0.8577185
4978,2046,0.8577185
4978,5,0.8577185
4979,2990,0.8577185
4979,4085,0.8577185
4979,2,0.8577185
4979,2046,0.8577185
4979,5,0.8577185
4980,2990,0.8577185
4980,4085,0.8577185
4980,2,0.8577185
4980,2046,0.8577185
4980,5,0.8577185
4992,2990,0.8577185
4992,4085,0.8577185
4992,2,0.8577185
4992,2046,0.8577185
4992,5,0.8577185
4993,2990,0.8577185
4993,4085,0.8577185
4993,2,0.8577185
4993,2046,0.8577185
4993,5,0.8577185
4995,8783,0.8577185
4995,6539,0.8577185
4995,7153,0.8577185
4995,6287,0.8577185
4995,6377,0.8577185
5010,2990,0.8577185
5010,4085,0.8577185
5010,2,0.8577185
5010,2046,0.8577185
5010,5,0.8577185
5014,2990,0.8577185
5014,4085,0.8577185
5014,2,0.8577185
5014,2046,0.8577185
5014,5,0.8577185
5015,2990,0.8577185
5015,4085,0.8577185
5015,2,0.8577185
5015,2046,0.8577185
5015,5,0.8577185
5017,3435,0.8577185
5017,913,0.8577185
5017,908,0.8577185
5017,1248,0.8577185
5017,1086,0.8577185
5040,2990,0.8577185
5040,4085,0.8577185
5040,2,0.8577185
5040,2046,0.8577185
5040,5,0.8577185
5047,2990,0.8577185
5047,4085,0.8577185
5047,2,0.8577185
5047,2046,0.8577185
5047,5,0.8577185
5049,2990,0.8577185
5049,4085,0.8577185
5049,2,0.8577185
5049,2046,0.8577185
5049,5,0.8577185
5065,2990,0.8577185
5065,4085,0.8577185
5065,2,0.8577185
5065,2046,0.8577185
5065,5,0.8577185
5093,2990,0.8577185
5093,4085,0.8577185
5093,2,0.8577185
5093,2046,0.8577185
5093,5,0.8577185
5094,3435,0.8577185
5094,913,0.8577185
5094,908,0.8577185
5094,1248,0.8577185
5094,1086,0.8577185
5110,2990,0.8577185
5110,4085,0.8577185
5110,2,0.8577185
5110,2046,0.8577185
5110,5,0.8577185
5128,2990,0.8577185
5128,4085,0.8577185
5128,2,0.8577185
5128,2046,0.8577185
5128,5,0.8577185
5151,2990,0.8577185
5151,4085,0.8577185
5151,2,0.8577185
5151,2046,0.8577185
5151,5,0.8577185
5152,2990,0.8577185
5152,4085,0.8577185
5152,2,0.8577185
5152,2046,0.8577185
5152,5,0.8577185
5171,2990,0.8577185
5171,4085,0.8577185
5171,2,0.8577185
5171,2046,0.8577185
5171,5,0.8577185
5184,3435,0.8577185
5184,913,0.8577185
5184,908,0.8577185
5184,1248,0.8577185
5184,1086,0.8577185
5218,2990,0.8577185
5218,4085,0.8577185
5218,2,0.8577185
5218,2046,0.8577185
5218,5,0.8577185
5219,2990,0.8577185
5219,4085,0.8577185
5219,2,0.8577185
5219,2046,0.8577185
5219,5,0.8577185
5247,2990,0.8577185
5247,4085,0.8577185
5247,2,0.8577185
5247,2046,0.8577185
5247,5,0.8577185
5254,2990,0.8577185
5254,4085,0.8577185
5254,2,0.8577185
5254,2046,0.8577185
5254,5,0.8577185
5255,2990,0.8577185
5255,4085,0.8577185
5255,2,0.8577185
5255,2046,0.8577185
5255,5,0.8577185
5283,2990,0.8577185
5283,4085,0.8577185
5283,2,0.8577185
5283,2046,0.8577185
5283,5,0.8577185
5292,3435,0.8577185
5292,913,0.8577185
5292,908,0.8577185
5292,1248,0.8577185
5292,1086,0.8577185
5293,2990,0.8577185
5293,4085,0.8577185
5293,2,0.8577185
5293,2046,0.8577185
5293,5,0.8577185
5294,3435,0.8577185
5294,913,0.8577185
5294,908,0.8577185
5294,1248,0.8577185
5294,1086,0.8577185
5299,8783,0.8577185
5299,6539,0.8577185
5299,4995,0.8577185
5299,6287,0.8577185
5299,6377,0.8577185
5300,3435,0.8577185
5300,913,0.8577185
5300,908,0.8577185
5300,1248,0.8577185
5300,1086,0.8577185
5313,2990,0.8577185
5313,4085,0.8577185
5313,2,0.8577185
5313,2046,0.8577185
5313,5,0.8577185
5323,2990,0.8577185
5323,4085,0.8577185
5323,2,0.8577185
5323,2046,0.8577185
5323,5,0.8577185
5349,2990,0.8577185
5349,4085,0.8577185
5349,2,0.8577185
5349,2046,0.8577185
5349,5,0.8577185
5378,2990,0.8577185
5378,4085,0.8577185
5378,2,0.8577185
5378,2046,0.8577185
5378,5,0.8577185
5382,2990,0.8577185
5382,4085,0.8577185
5382,2,0.8577185
5382,2046,0.8577185
5382,5,0.8577185
5388,4975,0.89997363
5388,1732,0.89997363
5388,4886,0.89997363
5388,50,0.89997363
5388,1617,0.89997363
5414,2990,0.8577185
5414,4085,0.8577185
5414,2,0.8577185
5414,2046,0.8577185
5414,5,0.8577185
5438,2990,0.8577185
5438,4085,0.8577185
5438,2,0.8577185
5438,2046,0.8577185
5438,5,0.8577185
5440,3435,0.8577185
5440,913,0.8577185
5440,908,0.8577185
5440,1248,0.8577185
5440,1086,0.8577185
5445,2990,0.8577185
5445,4085,0.8577185
5445,2,0.8577185
5445,2046,0.8577185
5445,5,0.8577185
5459,2990,0.8577185
5459,4085,0.8577185
5459,2,0.8577185
5459,2046,0.8577185
5459,5,0.8577185
5463,2990,0.8577185
5463,4085,0.8577185
5463,2,0.8577185
5463,2046,0.8577185
5463,5,0.8577185
5476,2990,0.8577185
5476,4085,0.8577185
5476,2,0.8577185
5476,2046,0.8577185
5476,5,0.8577185
5478,2990,0.8577185
5478,4085,0.8577185
5478,2,0.8577185
5478,2046,0.8577185
5478,5,0.8577185
5481,4975,0.89997363
5481,1732,0.89997363
5481,4886,0.89997363
5481,50,0.89997363
5481,1617,0.89997363
5500,3435,0.8577185
5500,913,0.8577185
5500,908,0.8577185
5500,1248,0.8577185
5500,1086,0.8577185
5501,2990,0.8577185
5501,4085,0.8577185
5501,2,0.8577185
5501,2046,0.8577185
5501,5,0.8577185
5502,4975,0.89997363
5502,1732,0.89997363
5502,4886,0.89997363
5502,50,0.89997363
5502,1617,0.89997363
5505,1288,0.89997363
5505,1276,0.89997363
5505,1252,0.89997363
5505,1148,0.8381426
5505,951,0.7650229
5507,2990,0.8577185
5507,4085,0.8577185
5507,2,0.8577185
5507,2046,0.8577185
5507,5,0.8577185
5523,2990,0.8577185
5523,4085,0.8577185
5523,2,0.8577185
5523,2046,0.8577185
5523,5,0.8577185
5527,8783,0.8577185
5527,6539,0.8577185
5527,4995,0.8577185
5527,6287,0.8577185
5527,6377,0.8577185
5528,3435,0.8577185
5528,913,0.8577185
5528,908,0.8577185
5528,1248,0.8577185
5528,1086,0.8577185
5538,2990,0.8577185
5538,4085,0.8577185
5538,2,0.8577185
5538,2046,0.8577185
5538,5,0.8577185
5541,2990,0.8577185
5541,4085,0.8577185
5541,2,0.8577185
5541,2046,0.8577185
5541,5,0.8577185
5556,2990,0.8577185
5556,4085,0.8577185
5556,2,0.8577185
5556,2046,0.8577185
5556,5,0.8577185
5573,2990,0.8577185
5573,4085,0.8577185
5573,2,0.8577185
5573,2046,0.8577185
5573,5,0.8577185
5574,2990,0.8577185
5574,4085,0.8577185
5574,2,0.8577185
5574,2046,0.8577185
5574,5,0.8577185
5609,2990,0.8577185
5609,4085,0.8577185
5609,2,0.8577185
5609,2046,0.8577185
5609,5,0.8577185
5621,2990,0.8577185
5621,4085,0.8577185
5621,2,0.8577185
5621,2046,0.8577185
5621,5,0.8577185
5669,2990,0.8577185
5669,4085,0.8577185
5669,2,0.8577185
5669,2046,0.8577185
5669,5,0.8577185
5673,2990,0.8577185
5673,4085,0.8577185
5673,2,0.8577185
5673,2046,0.8577185
5673,5,0.8577185
5678,2990,0.8577185
5678,4085,0.8577185
5678,2,0.8577185
5678,2046,0.8577185
5678,5,0.8577185
5826,3435,0.8577185
5826,913,0.8577185
5826,908,0.8577185
5826,1248,0.8577185
5826,1086,0.8577185
5952,8783,0.8577185
5952,6539,0.8577185
5952,4995,0.8577185
5952,6287,0.8577185
5952,6377,0.8577185
6273,3435,0.8577185
6273,913,0.8577185
6273,908,0.8577185
6273,1248,0.8577185
6273,1086,0.8577185
6287,8783,0.8577185
6287,4995,0.8577185
6287,7153,0.8577185
6287,6377,0.8577185
6287,6539,0.8577185
6377,8783,0.8577185
6377,4995,0.8577185
6377,7153,0.8577185
6377,6287,0.8577185
6377,6539,0.8577185
6539,8783,0.8577185
6539,4995,0.8577185
6539,7153,0.8577185
6539,6287,0.8577185
6539,6377,0.8577185
7153,8783,0.8577185
7153,6539,0.8577185
7153,4995,0.8577185
7153,6287,0.8577185
7153,6377,0.8577185
7155,8783,0.8577185
7155,6539,0.8577185
7155,4995,0.8577185
7155,6287,0.8577185
7155,6377,0.8577185
8529,8783,0.8577185
8529,6539,0.8577185
8529,4995,0.8577185
8529,6287,0.8577185
8529,6377,0.8577185
8533,8783,0.8577185
8533,6539,0.8577185
8533,4995,0.8577185
8533,6287,0.8577185
8533,6377,0.8577185
8783,8533,0.8577185
8783,6539,0.8577185
8783,4995,0.8577185
8783,6287,0.8577185
8783,6377,0.8577185
27821,8783,0.8577185
27821,6539,0.8577185
27821,4995,0.8577185
27821,6287,0.8577185
27821,6377,0.8577185
33750,8783,0.8577185
33750,6539,0.8577185
33750,4995,0.8577185
33750,6287,0.8577185
33750,6377,0.8577185
