1920	3.7697368421052633
1931	4.0831107153458
1932	3.6080760095011875
1936	3.507936507936508
1937	3.28125
1938	3.4482758620689653
1940	3.815485996705107
1941	4.123325094315077
1942	3.5847457627118646
1943	4.126516464471404
1944	4.1265046559164205
1945	3.8175182481751824
1946	4.09885877318117
1947	3.772919605077574
1948	3.810126582278481
1949	4.150594786130093
1950	4.149250234301781
1951	4.108936484490399
1952	3.380952380952381
1953	3.7419354838709675
1954	3.272727272727273
1955	3.8008327550312284
1956	3.84251968503937
1957	3.9974358974358974
1958	4.147467166979362
1960	4.0
1963	3.9344978165938866
1964	3.272727272727273
1973	3.771484375
1974	4.16660577274388
1976	3.3636363636363638
1978	3.210526315789474
1982	4.068665377176015
1984	3.9876543209876543
1986	3.0
1987	3.9168975069252077
1988	3.13302752293578
1990	3.788092277938942
1992	3.4705075445816185
1993	3.2
1994	3.4
1995	3.428116147308782
1996	3.279868297271872
1997	3.9156475740856607
1998	3.6422394173873465
2001	3.6342707045735474
2003	3.1
2005	3.680580330598169
2006	3.2658227848101267
2007	3.7923976608187133
